日期,股票代码,名称,收盘价,最高价,最低价,开盘价,前收盘,涨跌额,涨跌幅,换手率,成交量,成交金额,总市值,流通市值
2019-03-12,'002428,云南锗业,8.06,8.26,7.88,8.09,8.1,-0.04,-0.4938,6.7868,44326185,357953865.13,5264147200.0,5264147200.0
2019-03-11,'002428,云南锗业,8.1,8.18,7.62,7.68,7.77,0.33,4.2471,6.2411,40761699,320710817.0,5290272000.0,5290272000.0
2019-03-08,'002428,云南锗业,7.77,8.38,7.76,8.06,8.46,-0.69,-8.156,8.7414,57091773,460121079.13,5074742400.0,5074742400.0
2019-03-07,'002428,云南锗业,8.46,8.89,7.81,7.95,8.08,0.38,4.703,10.4063,67965807,572451767.52,5525395200.0,5525395200.0
2019-03-06,'002428,云南锗业,8.08,8.4,7.84,7.99,7.84,0.24,3.0612,9.5593,62433922,505519027.36,5277209600.0,5277209600.0
2019-03-05,'002428,云南锗业,7.84,7.85,7.49,7.55,7.64,0.2,2.6178,6.2951,41114700,315447343.92,5120460800.0,5120460800.0
2019-03-04,'002428,云南锗业,7.64,7.86,7.42,7.6,7.51,0.13,1.731,8.9778,58635743,447672525.6,4989836800.0,4989836800.0
2019-03-01,'002428,云南锗业,7.51,7.63,7.26,7.54,7.53,-0.02,-0.2656,6.2131,40579164,299613288.89,4904931200.0,4904931200.0
2019-02-28,'002428,云南锗业,7.53,7.84,7.41,7.7,7.93,-0.4,-5.0441,6.8449,44705464,340281824.52,4917993600.0,4917993600.0
2019-02-27,'002428,云南锗业,7.93,8.19,7.27,7.35,7.48,0.45,6.016,11.3377,74049073,572273229.19,5179241600.0,5179241600.0
2019-02-26,'002428,云南锗业,7.48,7.85,7.4,7.48,7.14,0.34,4.7619,14.5976,95340060,732607231.78,4885337600.0,4885337600.0
2019-02-25,'002428,云南锗业,7.14,7.14,6.51,6.63,6.49,0.65,10.0154,6.9853,45622552,318004872.47,4663276800.0,4663276800.0
2019-02-22,'002428,云南锗业,6.49,6.49,6.16,6.31,6.33,0.16,2.5276,5.5467,36226312,229609402.51,4238748800.0,4238748800.0
2019-02-21,'002428,云南锗业,6.33,6.55,6.29,6.4,6.4,-0.07,-1.0938,7.3749,48166778,309349020.5,4134249600.0,4134249600.0
2019-02-20,'002428,云南锗业,6.4,6.56,6.03,6.1,6.07,0.33,5.4366,6.6887,43685293,277304866.96,4179968000.0,4179968000.0
2019-02-19,'002428,云南锗业,6.07,6.17,5.96,6.03,6.04,0.03,0.4967,3.8041,24845595,150899512.59,3964438400.0,3964438400.0
2019-02-18,'002428,云南锗业,6.04,6.06,5.84,5.88,5.83,0.21,3.6021,4.0746,26611773,158712664.48,3944844800.0,3944844800.0
2019-02-15,'002428,云南锗业,5.83,5.9,5.78,5.8,5.85,-0.02,-0.3419,2.4833,16219101,94707432.29,3807689600.0,3807689600.0
2019-02-14,'002428,云南锗业,5.85,5.97,5.69,5.75,5.77,0.08,1.3865,3.071,20057514,116533707.92,3820752000.0,3820752000.0
2019-02-13,'002428,云南锗业,5.77,5.87,5.59,5.64,5.64,0.13,2.305,3.2209,21036252,120745262.0,3768502400.0,3768502400.0
2019-02-12,'002428,云南锗业,5.64,5.67,5.57,5.62,5.62,0.02,0.3559,2.2157,14471160,81304504.51,3683596800.0,3683596800.0
2019-02-11,'002428,云南锗业,5.62,5.63,5.43,5.46,5.42,0.2,3.69,1.9833,12953097,71919408.2,3670534400.0,3670534400.0
2019-02-01,'002428,云南锗业,5.42,5.44,5.2,5.21,5.16,0.26,5.0388,1.8826,12295360,65622332.02,3539910400.0,3539910400.0
2019-01-31,'002428,云南锗业,5.16,5.41,5.11,5.38,5.34,-0.18,-3.3708,2.0223,13208295,69635077.52,3370099200.0,3370099200.0
2019-01-30,'002428,云南锗业,5.34,5.52,5.32,5.41,5.44,-0.1,-1.8382,1.619,10573972,57411048.4,3487660800.0,3487660800.0
2019-01-29,'002428,云南锗业,5.44,5.75,5.29,5.73,5.71,-0.27,-4.7285,2.4919,16275218,88805784.87,3552972800.0,3552972800.0
2019-01-28,'002428,云南锗业,5.71,5.84,5.67,5.79,5.73,-0.02,-0.349,2.1896,14300442,82565114.0,3729315200.0,3729315200.0
2019-01-25,'002428,云南锗业,5.73,5.91,5.7,5.9,5.91,-0.18,-3.0457,2.2067,14412273,83843490.03,3742377600.0,3742377600.0
2019-01-24,'002428,云南锗业,5.91,5.97,5.83,5.94,5.95,-0.04,-0.6723,1.8157,11858546,70044582.37,3859939200.0,3859939200.0
2019-01-23,'002428,云南锗业,5.95,6.01,5.83,5.92,5.92,0.03,0.5068,2.0271,13239557,78522477.67,3886064000.0,3886064000.0
2019-01-22,'002428,云南锗业,5.92,6.12,5.9,6.1,6.13,-0.21,-3.4258,2.6086,17037203,102249419.86,3866470400.0,3866470400.0
2019-01-21,'002428,云南锗业,6.13,6.24,6.07,6.19,6.16,-0.03,-0.487,3.619,23636595,145084112.1,4003625600.0,4003625600.0
2019-01-18,'002428,云南锗业,6.16,6.19,5.86,5.91,5.96,0.2,3.3557,4.8749,31839091,193525602.67,4023219200.0,4023219200.0
2019-01-17,'002428,云南锗业,5.96,6.17,5.85,5.91,5.91,0.05,0.846,4.7301,30893045,186386596.76,3892595200.0,3892595200.0
2019-01-16,'002428,云南锗业,5.91,6.01,5.83,5.95,6.0,-0.09,-1.5,2.644,17268177,101919089.6,3859939200.0,3859939200.0
2019-01-15,'002428,云南锗业,6.0,6.09,5.89,6.09,5.97,0.03,0.5025,2.9299,19135631,114427146.52,3918720000.0,3918720000.0
2019-01-14,'002428,云南锗业,5.97,6.25,5.88,5.95,6.0,-0.03,-0.5,4.3408,28350405,171341753.81,3899126400.0,3899126400.0
2019-01-11,'002428,云南锗业,6.0,6.13,5.63,5.72,5.72,0.28,4.8951,6.7508,44090951,261529021.42,3918720000.0,3918720000.0
2019-01-10,'002428,云南锗业,5.72,5.77,5.6,5.7,5.66,0.06,1.0601,2.9628,19350634,110401788.57,3735846400.0,3735846400.0
2019-01-09,'002428,云南锗业,5.66,5.86,5.66,5.75,5.87,-0.21,-3.5775,5.0874,33227010,191236937.74,3696659200.0,3696659200.0
2019-01-08,'002428,云南锗业,5.87,6.35,5.83,6.02,5.87,0.0,0.0,8.4002,54863464,331354015.94,3833814400.0,3833814400.0
2019-01-07,'002428,云南锗业,5.87,5.87,5.34,5.37,5.34,0.53,9.9251,4.4507,29068314,162446363.39,3833814400.0,3833814400.0
2019-01-04,'002428,云南锗业,5.34,5.35,5.02,5.02,5.11,0.23,4.501,2.2335,14587427,76159089.98,3487660800.0,3487660800.0
2019-01-03,'002428,云南锗业,5.11,5.21,4.98,5.02,5.01,0.1,1.996,1.6942,11064877,56688568.82,3337443200.0,3337443200.0
2019-01-02,'002428,云南锗业,5.01,5.05,4.98,5.03,5.0,0.01,0.2,0.8116,5300858,26545085.77,3272131200.0,3272131200.0
2018-12-28,'002428,云南锗业,5.0,5.1,4.98,5.03,5.0,0.0,0.0,1.249,8157273,41038974.65,3265600000.0,3265600000.0
2018-12-27,'002428,云南锗业,5.0,5.27,4.98,5.26,5.16,-0.16,-3.1008,1.3705,8951300,45968756.54,3265600000.0,3265600000.0
2018-12-26,'002428,云南锗业,5.16,5.3,5.16,5.27,5.27,-0.11,-2.0873,1.197,7817695,40790633.0,3370099200.0,3370099200.0
2018-12-25,'002428,云南锗业,5.27,5.34,5.07,5.33,5.42,-0.15,-2.7675,1.9929,13015870,67911818.66,3441942400.0,3441942400.0
2018-12-24,'002428,云南锗业,5.42,5.43,5.32,5.34,5.36,0.06,1.1194,1.2308,8038604,43300973.04,3539910400.0,3539910400.0
2018-12-21,'002428,云南锗业,5.36,5.4,5.27,5.38,5.39,-0.03,-0.5566,1.1381,7433045,39722261.28,3500723200.0,3500723200.0
2018-12-20,'002428,云南锗业,5.39,5.44,5.31,5.36,5.39,0.0,0.0,1.6076,10499480,56442138.7,3520316800.0,3520316800.0
2018-12-19,'002428,云南锗业,5.39,5.56,5.26,5.34,5.34,0.05,0.9363,2.3182,15140567,81830896.96,3520316800.0,3520316800.0
2018-12-18,'002428,云南锗业,5.34,5.43,5.21,5.38,5.43,-0.09,-1.6575,1.8152,11855281,62983479.03,3487660800.0,3487660800.0
2018-12-17,'002428,云南锗业,5.43,5.48,5.35,5.39,5.43,0.0,0.0,1.5152,9895788,53590137.75,3546441600.0,3546441600.0
2018-12-14,'002428,云南锗业,5.43,5.67,5.42,5.65,5.68,-0.25,-4.4014,2.9296,19133509,105728091.31,3546441600.0,3546441600.0
2018-12-13,'002428,云南锗业,5.68,5.69,5.44,5.48,5.5,0.18,3.2727,3.4194,22332678,125107504.19,3709721600.0,3709721600.0
2018-12-12,'002428,云南锗业,5.5,5.64,5.47,5.49,5.45,0.05,0.9174,2.8004,18289891,101529997.1,3592160000.0,3592160000.0
2018-12-11,'002428,云南锗业,5.45,5.48,5.36,5.44,5.39,0.06,1.1132,1.1407,7450258,40399563.13,3559504000.0,3559504000.0
2018-12-10,'002428,云南锗业,5.39,5.52,5.32,5.49,5.53,-0.14,-2.5316,1.5475,10106978,54716224.19,3520316800.0,3520316800.0
2018-12-07,'002428,云南锗业,5.53,5.56,5.49,5.55,5.52,0.01,0.1812,1.2473,8146196,45037571.9,3611753600.0,3611753600.0
2018-12-06,'002428,云南锗业,5.52,5.68,5.5,5.67,5.71,-0.19,-3.3275,2.2575,14743981,82146865.54,3605222400.0,3605222400.0
2018-12-05,'002428,云南锗业,5.71,5.84,5.49,5.51,5.6,0.11,1.9643,4.1413,27047338,154420968.25,3729315200.0,3729315200.0
2018-12-04,'002428,云南锗业,5.6,5.64,5.53,5.55,5.58,0.02,0.3584,1.7782,11613902,64751539.71,3657472000.0,3657472000.0
2018-12-03,'002428,云南锗业,5.58,5.66,5.45,5.53,5.4,0.18,3.3333,2.2713,14834359,82324590.78,3644409600.0,3644409600.0
2018-11-30,'002428,云南锗业,5.4,5.42,5.21,5.26,5.31,0.09,1.6949,1.6661,10881375,58012718.22,3526848000.0,3526848000.0
2018-11-29,'002428,云南锗业,5.31,5.59,5.3,5.45,5.4,-0.09,-1.6667,2.1489,14034690,76645278.78,3468067200.0,3468067200.0
2018-11-28,'002428,云南锗业,5.4,5.42,5.2,5.37,5.34,0.06,1.1236,1.4334,9362089,50049429.72,3526848000.0,3526848000.0
2018-11-27,'002428,云南锗业,5.34,5.45,5.32,5.38,5.32,0.02,0.3759,1.1098,7248200,38958780.0,3487660800.0,3487660800.0
2018-11-26,'002428,云南锗业,5.32,5.42,5.26,5.3,5.33,-0.01,-0.1876,1.2432,8119600,43434954.99,3474598400.0,3474598400.0
2018-11-23,'002428,云南锗业,5.33,5.78,5.3,5.75,5.74,-0.41,-7.1429,2.5849,16882443,92731905.83,3481129600.0,3481129600.0
2018-11-22,'002428,云南锗业,5.74,5.92,5.71,5.87,5.89,-0.15,-2.5467,2.2213,14508078,84053529.9,3748908800.0,3748908800.0
2018-11-21,'002428,云南锗业,5.89,5.92,5.59,5.64,5.71,0.18,3.1524,2.3472,15330355,88010633.72,3846876800.0,3846876800.0
2018-11-20,'002428,云南锗业,5.71,5.98,5.71,5.9,5.97,-0.26,-4.3551,2.3848,15575548,91124122.28,3729315200.0,3729315200.0
2018-11-19,'002428,云南锗业,5.97,6.05,5.79,5.88,5.88,0.09,1.5306,2.2559,14733747,87048439.93,3899126400.0,3899126400.0
2018-11-16,'002428,云南锗业,5.88,5.94,5.83,5.87,5.86,0.02,0.3413,1.9917,13007877,76613073.96,3840345600.0,3840345600.0
2018-11-15,'002428,云南锗业,5.86,5.87,5.71,5.73,5.78,0.08,1.3841,1.9872,12979008,75256679.48,3827283200.0,3827283200.0
2018-11-14,'002428,云南锗业,5.78,5.89,5.71,5.81,5.77,0.01,0.1733,2.1182,13834601,80300109.57,3775033600.0,3775033600.0
2018-11-13,'002428,云南锗业,5.77,5.83,5.52,5.52,5.6,0.17,3.0357,2.5631,16740085,95670916.84,3768502400.0,3768502400.0
2018-11-12,'002428,云南锗业,5.6,5.62,5.39,5.4,5.4,0.2,3.7037,1.7733,11581496,64210932.44,3657472000.0,3657472000.0
2018-11-09,'002428,云南锗业,5.4,5.54,5.4,5.46,5.43,-0.03,-0.5525,1.1536,7534700,41141973.16,3526848000.0,3526848000.0
2018-11-08,'002428,云南锗业,5.43,5.66,5.42,5.64,5.56,-0.13,-2.3381,1.5721,10268013,56741520.96,3546441600.0,3546441600.0
2018-11-07,'002428,云南锗业,5.56,5.89,5.56,5.57,5.54,0.02,0.361,2.9727,19415587,110495024.91,3631347200.0,3631347200.0
2018-11-06,'002428,云南锗业,5.54,5.55,5.42,5.49,5.5,0.04,0.7273,1.2063,7878899,43293704.56,3618284800.0,3618284800.0
2018-11-05,'002428,云南锗业,5.5,5.58,5.38,5.48,5.49,0.01,0.1821,1.564,10214473,56035414.93,3592160000.0,3592160000.0
2018-11-02,'002428,云南锗业,5.49,5.55,5.37,5.41,5.33,0.16,3.0019,1.7642,11522323,62666368.73,3585628800.0,3585628800.0
2018-11-01,'002428,云南锗业,5.33,5.44,5.29,5.37,5.33,0.0,0.0,1.6734,10929196,58663664.25,3481129600.0,3481129600.0
2018-10-31,'002428,云南锗业,5.33,5.5,5.17,5.17,5.17,0.16,3.0948,2.3541,15375090,82175558.51,3481129600.0,3481129600.0
2018-10-30,'002428,云南锗业,5.17,5.23,5.03,5.07,5.07,0.1,1.9724,1.054,6884100,35387520.0,3376630400.0,3376630400.0
2018-10-29,'002428,云南锗业,5.07,5.22,5.03,5.14,5.2,-0.13,-2.5,0.8901,5813301,29855199.14,3311318400.0,3311318400.0
2018-10-26,'002428,云南锗业,5.2,5.37,5.14,5.16,5.13,0.07,1.3645,1.9805,12935273,67750841.03,3396224000.0,3396224000.0
2018-10-25,'002428,云南锗业,5.13,5.13,4.89,5.0,5.18,-0.05,-0.9653,1.4759,9639344,48145433.03,3350505600.0,3350505600.0
2018-10-24,'002428,云南锗业,5.18,5.25,5.07,5.12,5.17,0.01,0.1934,1.4586,9526141,49143384.05,3383161600.0,3383161600.0
2018-10-23,'002428,云南锗业,5.17,5.23,5.02,5.2,5.2,-0.03,-0.5769,1.4169,9254095,47427272.75,3376630400.0,3376630400.0
2018-10-22,'002428,云南锗业,5.2,5.25,4.89,4.93,4.89,0.31,6.3395,1.8968,12388154,63082777.74,3396224000.0,3396224000.0
2018-10-19,'002428,云南锗业,4.89,4.93,4.61,4.69,4.79,0.1,2.0877,1.3863,9054133,43255541.16,3193756800.0,3193756800.0
2018-10-18,'002428,云南锗业,4.79,5.03,4.75,5.03,5.05,-0.26,-5.1485,1.3578,8867899,43148579.97,3128444800.0,3128444800.0
2018-10-17,'002428,云南锗业,5.05,5.07,4.91,5.03,4.95,0.1,2.0202,1.2563,8205267,41100727.55,3298256000.0,3298256000.0
2018-10-16,'002428,云南锗业,4.95,5.16,4.9,5.1,5.36,-0.41,-7.6493,2.2674,14809039,74329511.42,3232944000.0,3232944000.0
2018-10-15,'002428,云南锗业,5.36,5.65,5.32,5.59,5.6,-0.24,-4.2857,1.3734,8969841,49154220.16,3500723200.0,3500723200.0
2018-10-12,'002428,云南锗业,5.6,5.88,5.38,5.86,5.95,-0.35,-5.8824,2.1594,14103778,79260227.8,3657472000.0,3657472000.0
2018-10-11,'002428,云南锗业,5.95,6.38,5.95,6.38,6.61,-0.66,-9.9849,2.486,16236732,98927398.51,3886064000.0,3886064000.0
2018-10-10,'002428,云南锗业,6.61,6.75,6.55,6.75,6.72,-0.11,-1.6369,1.5284,9982427,66062709.19,4317123200.0,4317123200.0
2018-10-09,'002428,云南锗业,6.72,6.74,6.42,6.42,6.43,0.29,4.5101,1.9519,12748119,84639003.14,4388966400.0,4388966400.0
2018-10-08,'002428,云南锗业,6.43,6.75,6.43,6.52,6.6,-0.17,-2.5758,1.7223,11248499,74494071.07,4199561600.0,4199561600.0
2018-09-28,'002428,云南锗业,6.6,6.63,6.49,6.53,6.48,0.12,1.8519,0.8609,5622462,37000474.03,4310592000.0,4310592000.0
2018-09-27,'002428,云南锗业,6.48,6.64,6.48,6.64,6.61,-0.13,-1.9667,1.0169,6641251,43520748.59,4232217600.0,4232217600.0
2018-09-26,'002428,云南锗业,6.61,6.7,6.6,6.66,6.63,-0.02,-0.3017,0.7989,5217710,34674621.63,4317123200.0,4317123200.0
2018-09-25,'002428,云南锗业,6.63,6.72,6.58,6.66,6.68,-0.05,-0.7485,0.8733,5703612,37844546.2,4330185600.0,4330185600.0
2018-09-21,'002428,云南锗业,6.68,6.71,6.5,6.59,6.59,0.09,1.3657,1.2685,8285053,54870461.9,4362841600.0,4362841600.0
2018-09-20,'002428,云南锗业,6.59,6.69,6.5,6.5,6.49,0.1,1.5408,1.5734,10276496,67846996.82,4304060800.0,4304060800.0
2018-09-19,'002428,云南锗业,6.49,6.54,6.35,6.38,6.38,0.11,1.7241,1.1256,7351612,47576811.99,4238748800.0,4238748800.0
2018-09-18,'002428,云南锗业,6.38,6.38,6.25,6.3,6.27,0.11,1.7544,0.7663,5004948,31658893.4,4166905600.0,4166905600.0
2018-09-17,'002428,云南锗业,6.27,6.49,6.27,6.48,6.51,-0.24,-3.6866,0.8693,5677375,35965766.75,4095062400.0,4095062400.0
2018-09-14,'002428,云南锗业,6.51,6.7,6.5,6.55,6.55,-0.04,-0.6107,0.8994,5874477,38619708.17,4251811200.0,4251811200.0
2018-09-13,'002428,云南锗业,6.55,6.56,6.45,6.49,6.44,0.11,1.7081,0.7283,4756764,30941174.34,4277936000.0,4277936000.0
2018-09-12,'002428,云南锗业,6.44,6.52,6.41,6.47,6.46,-0.02,-0.3096,0.6058,3956922,25566115.9,4206092800.0,4206092800.0
2018-09-11,'002428,云南锗业,6.46,6.52,6.4,6.44,6.43,0.03,0.4666,0.5454,3562222,22968144.88,4219155200.0,4219155200.0
2018-09-10,'002428,云南锗业,6.43,6.63,6.41,6.63,6.6,-0.17,-2.5758,0.8461,5526180,35958125.22,4199561600.0,4199561600.0
2018-09-07,'002428,云南锗业,6.6,6.73,6.52,6.59,6.55,0.05,0.7634,0.841,5492457,36453632.37,4310592000.0,4310592000.0
2018-09-06,'002428,云南锗业,6.55,6.73,6.54,6.66,6.64,-0.09,-1.3554,0.6783,4430140,29370336.8,4277936000.0,4277936000.0
2018-09-05,'002428,云南锗业,6.64,6.78,6.63,6.74,6.76,-0.12,-1.7751,0.7991,5218762,35066998.99,4336716800.0,4336716800.0
2018-09-04,'002428,云南锗业,6.76,6.81,6.64,6.7,6.7,0.06,0.8955,1.027,6707709,45167498.24,4415091200.0,4415091200.0
2018-09-03,'002428,云南锗业,6.7,6.82,6.55,6.79,6.84,-0.14,-2.0468,1.1034,7206241,48014942.48,4375904000.0,4375904000.0
2018-08-31,'002428,云南锗业,6.84,6.89,6.74,6.81,6.81,0.03,0.4405,0.679,4434907,30268056.38,4467340800.0,4467340800.0
2018-08-30,'002428,云南锗业,6.81,7.07,6.81,7.07,7.05,-0.24,-3.4043,1.0368,6771700,46817892.45,4447747200.0,4447747200.0
2018-08-29,'002428,云南锗业,7.05,7.07,6.98,7.03,7.03,0.02,0.2845,0.9367,6117980,43043279.25,4604496000.0,4604496000.0
2018-08-28,'002428,云南锗业,7.03,7.08,6.93,7.0,6.98,0.05,0.7163,1.123,7334258,51473071.0,4591433600.0,4591433600.0
2018-08-27,'002428,云南锗业,6.98,7.02,6.82,6.85,6.79,0.19,2.7982,1.1091,7243654,50142306.92,4558777600.0,4558777600.0
2018-08-24,'002428,云南锗业,6.79,6.88,6.77,6.84,6.81,-0.02,-0.2937,0.5384,3516474,23987541.48,4434684800.0,4434684800.0
2018-08-23,'002428,云南锗业,6.81,6.86,6.73,6.8,6.8,0.01,0.1471,0.8685,5672256,38637249.15,4447747200.0,4447747200.0
2018-08-22,'002428,云南锗业,6.8,6.95,6.76,6.92,6.96,-0.16,-2.2989,0.6821,4455067,30527509.68,4441216000.0,4441216000.0
2018-08-21,'002428,云南锗业,6.96,6.99,6.84,6.88,6.9,0.06,0.8696,0.786,5133329,35621882.49,4545715200.0,4545715200.0
2018-08-20,'002428,云南锗业,6.9,6.9,6.68,6.81,6.8,0.1,1.4706,0.9052,5912101,40186418.72,4506528000.0,4506528000.0
2018-08-17,'002428,云南锗业,6.8,7.2,6.71,7.17,7.08,-0.28,-3.9548,1.3142,8583348,59951868.27,4441216000.0,4441216000.0
2018-08-16,'002428,云南锗业,7.08,7.16,6.96,7.02,7.16,-0.08,-1.1173,0.9149,5975506,42224697.15,4624089600.0,4624089600.0
2018-08-15,'002428,云南锗业,7.16,7.37,7.14,7.33,7.3,-0.14,-1.9178,0.986,6439866,46634649.31,4676339200.0,4676339200.0
2018-08-14,'002428,云南锗业,7.3,7.42,7.19,7.24,7.27,0.03,0.4127,1.2383,8087884,59152788.65,4767776000.0,4767776000.0
2018-08-13,'002428,云南锗业,7.27,7.29,7.1,7.18,7.29,-0.02,-0.2743,1.1028,7202498,51719616.38,4748182400.0,4748182400.0
2018-08-10,'002428,云南锗业,7.29,7.31,7.19,7.29,7.26,0.03,0.4132,1.2546,8193807,59422293.48,4761244800.0,4761244800.0
2018-08-09,'002428,云南锗业,7.26,7.36,7.04,7.07,7.07,0.19,2.6874,1.937,12651234,91807792.39,4741651200.0,4741651200.0
2018-08-08,'002428,云南锗业,7.07,7.25,7.0,7.22,7.25,-0.18,-2.4828,1.3165,8598190,61401188.38,4617558400.0,4617558400.0
2018-08-07,'002428,云南锗业,7.25,7.28,6.92,7.01,6.96,0.29,4.1667,1.435,9372545,66739792.72,4735120000.0,4735120000.0
2018-08-06,'002428,云南锗业,6.96,7.29,6.9,7.2,7.26,-0.3,-4.1322,1.7167,11211948,79194280.42,4545715200.0,4545715200.0
2018-08-03,'002428,云南锗业,7.26,7.42,7.24,7.33,7.31,-0.05,-0.684,1.0823,7068600,51789682.58,4741651200.0,4741651200.0
2018-08-02,'002428,云南锗业,7.31,7.53,7.1,7.52,7.58,-0.27,-3.562,1.8752,12247311,89548264.41,4774307200.0,4774307200.0
2018-08-01,'002428,云南锗业,7.58,7.97,7.58,7.83,7.9,-0.32,-4.0506,1.9241,12566945,98069873.93,4950649600.0,4950649600.0
2018-07-31,'002428,云南锗业,7.9,8.02,7.76,7.94,8.03,-0.13,-1.6189,2.2491,14689625,115484553.51,5159648000.0,5159648000.0
2018-07-30,'002428,云南锗业,8.03,8.68,7.93,8.13,7.96,0.07,0.8794,4.173,27254677,224200060.71,5244553600.0,5244553600.0
2018-07-27,'002428,云南锗业,7.96,8.08,7.72,7.87,7.96,0.0,0.0,2.0933,13672009,107805046.14,5198835200.0,5198835200.0
2018-07-26,'002428,云南锗业,7.96,8.23,7.9,7.93,7.89,0.07,0.8872,2.3137,15110935,121728046.23,5198835200.0,5198835200.0
2018-07-25,'002428,云南锗业,7.89,7.99,7.72,7.84,7.88,0.01,0.1269,2.0352,13292001,104507707.96,5153116800.0,5153116800.0
2018-07-24,'002428,云南锗业,7.88,7.97,7.56,7.65,7.62,0.26,3.4121,2.6843,17531889,137032538.44,5146585600.0,5146585600.0
2018-07-23,'002428,云南锗业,7.62,7.66,7.34,7.42,7.41,0.21,2.834,1.6065,10492633,79014006.75,4976774400.0,4976774400.0
2018-07-20,'002428,云南锗业,7.41,7.43,7.15,7.31,7.29,0.12,1.6461,1.058,6909887,50599512.43,4839619200.0,4839619200.0
2018-07-19,'002428,云南锗业,7.29,7.53,7.24,7.47,7.51,-0.22,-2.9294,1.2973,8472900,62361955.0,4761244800.0,4761244800.0
2018-07-18,'002428,云南锗业,7.51,7.65,7.5,7.58,7.53,-0.02,-0.2656,1.0801,7054600,53471207.74,4904931200.0,4904931200.0
2018-07-17,'002428,云南锗业,7.53,7.56,7.41,7.46,7.53,0.0,0.0,0.8212,5363116,40187415.36,4917993600.0,4917993600.0
2018-07-16,'002428,云南锗业,7.53,7.64,7.46,7.6,7.64,-0.11,-1.4398,1.025,6694805,50460137.94,4917993600.0,4917993600.0
2018-07-13,'002428,云南锗业,7.64,7.71,7.47,7.55,7.53,0.11,1.4608,1.5743,10282164,78051071.46,4989836800.0,4989836800.0
2018-07-12,'002428,云南锗业,7.53,7.57,7.31,7.31,7.32,0.21,2.8689,1.1363,7421547,55493375.06,4917993600.0,4917993600.0
2018-07-11,'002428,云南锗业,7.32,7.57,7.16,7.57,7.68,-0.36,-4.6875,1.781,11632296,85723676.87,4780838400.0,4780838400.0
2018-07-10,'002428,云南锗业,7.68,7.8,7.53,7.57,7.5,0.18,2.4,1.7599,11494239,88229768.56,5015961600.0,5015961600.0
2018-07-09,'002428,云南锗业,7.5,7.53,7.38,7.39,7.36,0.14,1.9022,0.886,5786679,43304940.37,4898400000.0,4898400000.0
2018-07-06,'002428,云南锗业,7.36,7.48,7.06,7.34,7.28,0.08,1.0989,1.1462,7486057,54888521.76,4806963200.0,4806963200.0
2018-07-05,'002428,云南锗业,7.28,7.59,7.28,7.49,7.56,-0.28,-3.7037,1.1083,7238518,53825531.12,4754713600.0,4754713600.0
2018-07-04,'002428,云南锗业,7.56,7.76,7.5,7.7,7.74,-0.18,-2.3256,1.375,8980495,68188886.85,4937587200.0,4937587200.0
2018-07-03,'002428,云南锗业,7.74,7.74,7.45,7.66,7.65,0.09,1.1765,1.402,9156563,69854673.44,5055148800.0,5055148800.0
2018-07-02,'002428,云南锗业,7.65,7.9,7.56,7.75,7.72,-0.07,-0.9067,1.6459,10749490,83216221.2,4996368000.0,4996368000.0
2018-06-29,'002428,云南锗业,7.72,7.8,7.42,7.5,7.41,0.31,4.1835,1.4578,9521496,72855578.72,5042086400.0,5042086400.0
2018-06-28,'002428,云南锗业,7.41,7.7,7.4,7.59,7.65,-0.24,-3.1373,1.0183,6651000,50320858.54,4839619200.0,4839619200.0
2018-06-27,'002428,云南锗业,7.65,7.72,7.53,7.65,7.7,-0.05,-0.6494,1.1208,7320199,55791807.39,4996368000.0,4996368000.0
2018-06-26,'002428,云南锗业,7.7,7.72,7.37,7.46,7.56,0.14,1.8519,1.3036,8514170,64636542.76,5029024000.0,5029024000.0
2018-06-25,'002428,云南锗业,7.56,7.79,7.55,7.74,7.6,-0.04,-0.5263,1.7748,11591710,88728991.63,4937587200.0,4937587200.0
2018-06-22,'002428,云南锗业,7.6,7.65,7.28,7.28,7.18,0.42,5.8496,2.2034,14390728,107903468.97,4963712000.0,4963712000.0
2018-06-21,'002428,云南锗业,7.18,7.68,7.18,7.5,7.43,-0.25,-3.3647,2.0833,13606147,101917621.21,4689401600.0,4689401600.0
2018-06-20,'002428,云南锗业,7.43,7.59,7.12,7.33,7.52,-0.09,-1.1968,2.1919,14315764,106067554.66,4852681600.0,4852681600.0
2018-06-19,'002428,云南锗业,7.52,8.29,7.52,8.29,8.35,-0.83,-9.9401,2.7083,17688545,139224259.13,4911462400.0,4911462400.0
2018-06-15,'002428,云南锗业,8.35,8.88,8.35,8.86,8.82,-0.47,-5.3288,1.941,12677120,107876137.33,5453552000.0,5453552000.0
2018-06-14,'002428,云南锗业,8.82,8.92,8.62,8.68,8.69,0.13,1.496,1.2638,8254402,72764401.76,5760518400.0,5760518400.0
2018-06-13,'002428,云南锗业,8.69,9.08,8.65,9.01,9.06,-0.37,-4.0839,1.3187,8612460,76558461.58,5675612800.0,5675612800.0
2018-06-12,'002428,云南锗业,9.06,9.23,8.91,9.23,9.16,-0.1,-1.0917,1.3117,8566901,77451680.02,5917267200.0,5917267200.0
2018-06-11,'002428,云南锗业,9.16,9.26,9.05,9.1,9.18,-0.02,-0.2179,0.9901,6466513,59346908.68,5982579200.0,5982579200.0
2018-06-08,'002428,云南锗业,9.18,9.99,9.05,9.92,9.92,-0.74,-7.4597,3.0904,20183840,188104236.69,5995641600.0,5995641600.0
2018-06-07,'002428,云南锗业,9.92,10.05,9.9,10.04,9.96,-0.04,-0.4016,0.8428,5504500,54893247.28,6478950400.0,6478950400.0
2018-06-06,'002428,云南锗业,9.96,10.16,9.91,10.05,10.06,-0.1,-0.994,1.3609,8888406,89155155.09,6505075200.0,6505075200.0
2018-06-05,'002428,云南锗业,10.06,10.07,9.9,9.91,9.9,0.16,1.6162,0.8035,5248100,52539787.51,6570387200.0,6570387200.0
2018-06-04,'002428,云南锗业,9.9,10.1,9.87,10.03,9.97,-0.07,-0.7021,0.8723,5696846,56920553.1,6465888000.0,6465888000.0
2018-06-01,'002428,云南锗业,9.97,10.19,9.95,9.96,10.01,-0.04,-0.3996,1.1507,7515533,75646977.68,6511606400.0,6511606400.0
2018-05-31,'002428,云南锗业,10.01,10.1,9.97,10.0,9.92,0.09,0.9073,1.1342,7407797,74313424.57,6537731200.0,6537731200.0
2018-05-30,'002428,云南锗业,9.92,10.48,9.81,10.47,10.59,-0.67,-6.3267,2.3533,15369946,155846172.34,6478950400.0,6478950400.0
2018-05-29,'002428,云南锗业,10.59,10.67,10.41,10.41,10.51,0.08,0.7612,1.1189,7308019,77207043.17,6916540800.0,6916540800.0
2018-05-28,'002428,云南锗业,10.51,10.77,10.5,10.69,10.7,-0.19,-1.7757,1.3247,8652161,91771288.45,6864291200.0,6864291200.0
2018-05-25,'002428,云南锗业,10.7,10.92,10.66,10.82,10.8,-0.1,-0.9259,1.2528,8182322,88029591.78,6988384000.0,6988384000.0
2018-05-24,'002428,云南锗业,10.8,11.05,10.78,10.95,10.92,-0.12,-1.0989,1.6254,10615889,115776367.38,7053696000.0,7053696000.0
2018-05-23,'002428,云南锗业,10.92,11.26,10.92,11.26,11.27,-0.35,-3.1056,1.9913,13005833,143631234.22,7132070400.0,7132070400.0
2018-05-22,'002428,云南锗业,11.27,11.3,11.14,11.29,11.29,-0.02,-0.1771,1.3992,9138677,102367059.47,7360662400.0,7360662400.0
2018-05-21,'002428,云南锗业,11.29,11.37,11.13,11.18,11.1,0.19,1.7117,1.9493,12731223,143220305.51,7373724800.0,7373724800.0
2018-05-18,'002428,云南锗业,11.1,11.1,10.84,11.03,11.05,0.05,0.4525,1.8417,12028200,131805514.81,7249632000.0,7249632000.0
2018-05-17,'002428,云南锗业,11.05,11.18,11.03,11.1,11.06,-0.01,-0.0904,1.1216,7325692,81227195.42,7216976000.0,7216976000.0
2018-05-16,'002428,云南锗业,11.06,11.25,11.01,11.17,11.24,-0.18,-1.6014,1.2788,8352018,92903720.37,7223507200.0,7223507200.0
2018-05-15,'002428,云南锗业,11.24,11.34,11.01,11.29,11.28,-0.04,-0.3546,1.7939,11716242,130653543.11,7341068800.0,7341068800.0
2018-05-14,'002428,云南锗业,11.28,11.55,11.24,11.44,11.45,-0.17,-1.4847,1.9558,12773701,145650624.86,7367193600.0,7367193600.0
2018-05-11,'002428,云南锗业,11.45,11.61,11.24,11.29,11.28,0.17,1.5071,2.4239,15831083,181421577.13,7478224000.0,7478224000.0
2018-05-10,'002428,云南锗业,11.28,11.34,11.17,11.33,11.33,-0.05,-0.4413,1.2554,8199007,92192048.48,7367193600.0,7367193600.0
2018-05-09,'002428,云南锗业,11.33,11.42,11.17,11.26,11.27,0.06,0.5324,1.5432,10078936,113841802.33,7399849600.0,7399849600.0
2018-05-08,'002428,云南锗业,11.27,11.34,11.17,11.24,11.27,0.0,0.0,1.8665,12190444,137131551.39,7360662400.0,7360662400.0
2018-05-07,'002428,云南锗业,11.27,11.28,10.95,10.95,10.9,0.37,3.3945,1.6792,10967169,122279170.77,7360662400.0,7360662400.0
2018-05-04,'002428,云南锗业,10.9,11.08,10.87,10.97,11.01,-0.11,-0.9991,1.5923,10399754,113995276.96,7119008000.0,7119008000.0
2018-05-03,'002428,云南锗业,11.01,11.21,10.68,11.21,11.18,-0.17,-1.5206,2.5019,16340200,177796742.75,7190851200.0,7190851200.0
2018-05-02,'002428,云南锗业,11.18,11.49,11.16,11.45,11.3,-0.12,-1.0619,1.3196,8618410,97102639.36,7301881600.0,7301881600.0
2018-04-27,'002428,云南锗业,11.3,11.45,11.05,11.45,11.25,0.05,0.4444,1.1264,7356649,82845927.31,7380256000.0,7380256000.0
2018-04-26,'002428,云南锗业,11.25,11.65,11.22,11.65,11.65,-0.4,-3.4335,1.5558,10161099,115823601.53,7347600000.0,7347600000.0
2018-04-25,'002428,云南锗业,11.65,11.66,11.41,11.63,11.68,-0.03,-0.2568,1.1423,7460463,86150378.39,7608848000.0,7608848000.0
2018-04-24,'002428,云南锗业,11.68,11.75,11.28,11.4,11.38,0.3,2.6362,1.417,9254687,107313986.11,7628441600.0,7628441600.0
2018-04-23,'002428,云南锗业,11.38,11.56,11.22,11.38,11.3,0.08,0.708,1.3782,9001537,102859196.08,7432505600.0,7432505600.0
2018-04-20,'002428,云南锗业,11.3,11.9,11.25,11.85,11.99,-0.69,-5.7548,2.6455,17278585,200079547.17,7380256000.0,7380256000.0
2018-04-19,'002428,云南锗业,11.99,12.2,11.7,11.86,11.85,0.14,1.1814,2.7746,18121191,217558722.52,7830908800.0,7830908800.0
2018-04-18,'002428,云南锗业,11.85,12.35,11.3,12.28,12.26,-0.41,-3.3442,4.2934,28041231,330505385.36,7739472000.0,7739472000.0
2018-04-17,'002428,云南锗业,12.26,12.63,12.03,12.27,12.16,0.1,0.8224,3.1712,20712017,255772873.2,8007251200.0,8007251200.0
2018-04-16,'002428,云南锗业,12.16,12.68,12.02,12.44,12.49,-0.33,-2.6421,2.5892,16910695,207549442.84,7941939200.0,7941939200.0
2018-04-13,'002428,云南锗业,12.49,12.66,12.38,12.53,12.33,0.16,1.2976,2.2513,14703909,184296300.52,8157468800.0,8157468800.0
2018-04-12,'002428,云南锗业,12.33,12.9,12.32,12.65,12.71,-0.38,-2.9898,2.6988,17626509,222347816.19,8052969600.0,8052969600.0
2018-04-11,'002428,云南锗业,12.71,13.08,12.66,12.88,12.82,-0.11,-0.858,2.3366,15260622,195813237.94,8301155200.0,8301155200.0
2018-04-10,'002428,云南锗业,12.82,12.98,12.56,12.8,12.79,0.03,0.2346,2.5829,16869194,215294034.67,8372998400.0,8372998400.0
2018-04-09,'002428,云南锗业,12.79,13.52,12.7,13.25,13.3,-0.51,-3.8346,3.8841,25368136,331615486.77,8353404800.0,8353404800.0
2018-04-04,'002428,云南锗业,13.3,13.55,13.14,13.42,13.45,-0.15,-1.1152,3.1499,20572342,273538210.31,8686496000.0,8686496000.0
2018-04-03,'002428,云南锗业,13.45,13.8,12.67,12.74,12.86,0.59,4.5879,6.0741,39671130,528440341.91,8784464000.0,8784464000.0
2018-04-02,'002428,云南锗业,12.86,13.23,12.75,13.08,13.19,-0.33,-2.5019,4.089,26706194,345411002.91,8399123200.0,8399123200.0
2018-03-30,'002428,云南锗业,13.19,13.41,12.76,12.98,12.93,0.26,2.0108,3.6718,23981348,315179790.7,8614652800.0,8614652800.0
2018-03-29,'002428,云南锗业,12.93,13.32,12.9,13.01,13.05,-0.12,-0.9195,3.1018,20258482,265536622.78,8444841600.0,8444841600.0
2018-03-28,'002428,云南锗业,13.05,13.4,12.99,13.13,13.42,-0.37,-2.7571,3.7382,24414998,320836327.2,8523216000.0,8523216000.0
2018-03-27,'002428,云南锗业,13.42,13.6,12.84,13.03,13.17,0.25,1.8983,5.9602,38927504,511539671.49,8764870400.0,8764870400.0
2018-03-26,'002428,云南锗业,13.17,13.2,12.28,12.79,12.79,0.38,2.9711,5.3819,35149987,454540697.61,8601590400.0,8601590400.0
2018-03-23,'002428,云南锗业,12.79,13.25,12.0,12.18,12.6,0.19,1.5079,7.7119,50367806,639927952.27,8353404800.0,8353404800.0
2018-03-22,'002428,云南锗业,12.6,13.07,12.01,12.01,11.88,0.72,6.0606,6.1604,40234928,509866858.79,8229312000.0,8229312000.0
2018-03-21,'002428,云南锗业,11.88,12.26,11.85,12.06,12.1,-0.22,-1.8182,2.3704,15481335,186727034.94,7759065600.0,7759065600.0
2018-03-20,'002428,云南锗业,12.1,12.57,11.91,12.28,12.43,-0.33,-2.6549,3.1906,20838728,254728748.73,7902752000.0,7902752000.0
2018-03-19,'002428,云南锗业,12.43,12.44,12.0,12.1,12.09,0.34,2.8122,3.0791,20110163,245291670.05,8118281600.0,8118281600.0
2018-03-16,'002428,云南锗业,12.09,12.29,11.99,12.22,12.31,-0.22,-1.7872,2.4316,15881184,191921320.12,7896220800.0,7896220800.0
2018-03-15,'002428,云南锗业,12.31,12.58,11.82,11.86,11.99,0.32,2.6689,4.4299,28932746,356537770.87,8039907200.0,8039907200.0
2018-03-14,'002428,云南锗业,11.99,12.45,11.41,11.41,11.41,0.58,5.0833,3.4705,22666250,271874199.12,7830908800.0,7830908800.0
2018-03-13,'002428,云南锗业,11.41,11.54,11.28,11.36,11.41,0.0,0.0,1.3331,8706546,99352921.97,7452099200.0,7452099200.0
2018-03-12,'002428,云南锗业,11.41,11.5,11.18,11.24,11.22,0.19,1.6934,1.3552,8851261,100782675.9,7452099200.0,7452099200.0
2018-03-09,'002428,云南锗业,11.22,11.29,11.12,11.18,11.17,0.05,0.4476,1.1202,7316552,82037004.58,7328006400.0,7328006400.0
2018-03-08,'002428,云南锗业,11.17,11.17,10.93,10.93,10.92,0.25,2.2894,1.582,10332330,114596314.94,7295350400.0,7295350400.0
2018-03-07,'002428,云南锗业,10.92,11.19,10.92,11.16,11.19,-0.27,-2.4129,1.1739,7666935,84687905.2,7132070400.0,7132070400.0
2018-03-06,'002428,云南锗业,11.19,11.25,10.85,11.03,11.0,0.19,1.7273,1.8587,12139371,134207829.64,7308412800.0,7308412800.0
2018-03-05,'002428,云南锗业,11.0,11.15,10.99,11.07,11.01,-0.01,-0.0908,1.0491,6851887,75661814.09,7184320000.0,7184320000.0
2018-03-02,'002428,云南锗业,11.01,11.17,10.85,11.06,11.3,-0.29,-2.5664,1.7744,11589120,127648564.27,7190851200.0,7190851200.0
2018-03-01,'002428,云南锗业,11.3,11.35,11.15,11.21,11.4,-0.1,-0.8772,1.3288,8678432,97704068.4,7380256000.0,7380256000.0
2018-02-28,'002428,云南锗业,11.4,11.54,11.18,11.23,11.26,0.14,1.2433,1.7832,11646408,132775120.33,7445568000.0,7445568000.0
2018-02-27,'002428,云南锗业,11.26,11.43,11.17,11.33,11.35,-0.09,-0.793,0.93,6073866,68567032.9,7354131200.0,7354131200.0
2018-02-26,'002428,云南锗业,11.35,11.46,11.1,11.26,11.2,0.15,1.3393,1.1343,7408485,83713272.96,7412912000.0,7412912000.0
2018-02-23,'002428,云南锗业,11.2,11.28,11.11,11.17,11.23,-0.03,-0.2671,0.7992,5219703,58448571.44,7314944000.0,7314944000.0
2018-02-22,'002428,云南锗业,11.23,11.34,10.84,10.96,10.82,0.41,3.7893,1.3614,8891719,99499893.0,7334537600.0,7334537600.0
2018-02-14,'002428,云南锗业,10.82,10.84,10.51,10.6,10.62,0.2,1.8832,0.9543,6232665,66579105.83,7066758400.0,7066758400.0
2018-02-13,'002428,云南锗业,10.62,10.89,10.61,10.84,10.72,-0.1,-0.9328,0.9999,6530728,70261048.28,6936134400.0,6936134400.0
2018-02-12,'002428,云南锗业,10.72,10.8,10.3,10.3,10.6,0.12,1.1321,1.3327,8704063,92447147.88,7001446400.0,7001446400.0
2018-02-09,'002428,云南锗业,10.6,11.67,10.6,11.5,11.78,-1.18,-10.017,2.8164,18394427,202713566.46,6923072000.0,6923072000.0
2018-02-08,'002428,云南锗业,11.78,12.0,11.67,11.76,12.09,-0.31,-2.5641,1.8962,12384604,146259953.8,7693753600.0,7693753600.0
2018-02-07,'002428,云南锗业,12.09,12.58,11.9,12.44,12.04,0.05,0.4153,2.0257,13230205,162421262.87,7896220800.0,7896220800.0
2018-02-06,'002428,云南锗业,12.04,12.77,11.91,12.37,12.81,-0.77,-6.0109,3.1314,20451789,252430243.87,7863564800.0,7863564800.0
2018-02-05,'002428,云南锗业,12.81,12.94,12.15,12.21,12.48,0.33,2.6442,3.1107,20316885,256665249.89,8366467200.0,8366467200.0
2018-02-02,'002428,云南锗业,12.48,12.58,11.42,12.0,12.08,0.4,3.3113,2.7347,17861040,217467306.13,8150937600.0,8150937600.0
2018-02-01,'002428,云南锗业,12.08,12.57,11.75,12.35,12.37,-0.29,-2.3444,2.4586,16057900,194401513.4,7889689600.0,7889689600.0
2018-01-31,'002428,云南锗业,12.37,12.59,12.12,12.55,12.75,-0.38,-2.9804,2.7295,17827194,220688013.19,8079094400.0,8079094400.0
2018-01-30,'002428,云南锗业,12.75,13.07,12.5,12.66,12.67,0.08,0.6314,2.3165,15129843,194140240.96,8327280000.0,8327280000.0
2018-01-29,'002428,云南锗业,12.67,12.97,12.56,12.77,12.82,-0.15,-1.17,2.2958,14994080,191377770.28,8275030400.0,8275030400.0
2018-01-26,'002428,云南锗业,12.82,13.04,12.49,12.6,12.54,0.28,2.2329,3.0062,19633883,252556793.57,8372998400.0,8372998400.0
2018-01-25,'002428,云南锗业,12.54,13.19,12.53,12.9,12.84,-0.3,-2.3364,3.3052,21587154,277988916.21,8190124800.0,8190124800.0
2018-01-24,'002428,云南锗业,12.84,12.88,12.6,12.74,12.82,0.02,0.156,2.8347,18514091,235660626.11,8386060800.0,8386060800.0
2018-01-23,'002428,云南锗业,12.82,12.94,12.67,12.77,12.96,-0.14,-1.0802,3.2652,21325417,272895443.95,8372998400.0,8372998400.0
2018-01-22,'002428,云南锗业,12.96,12.98,12.15,12.3,12.38,0.58,4.685,4.4467,29042490,366748476.34,8464435200.0,8464435200.0
2018-01-19,'002428,云南锗业,12.38,12.57,12.28,12.37,12.53,-0.15,-1.1971,2.4731,16152608,200529793.84,8085625600.0,8085625600.0
2018-01-18,'002428,云南锗业,12.53,12.66,12.33,12.49,12.69,-0.16,-1.2608,2.9193,19066599,237992553.48,8183593600.0,8183593600.0
2018-01-17,'002428,云南锗业,12.69,12.85,12.32,12.53,12.26,0.43,3.5073,6.8006,44416056,560191528.37,8288092800.0,8288092800.0
2018-01-16,'002428,云南锗业,12.26,12.39,11.45,11.49,11.49,0.77,6.7015,3.5006,22863382,275717339.35,8007251200.0,8007251200.0
2018-01-15,'002428,云南锗业,11.49,12.07,11.49,12.07,12.07,-0.58,-4.8053,2.0848,13616322,159251191.85,7504348800.0,7504348800.0
2018-01-12,'002428,云南锗业,12.07,12.16,11.89,12.14,12.17,-0.1,-0.8217,2.1062,13756095,165256848.29,7883158400.0,7883158400.0
2018-01-11,'002428,云南锗业,12.17,12.43,12.12,12.12,12.26,-0.09,-0.7341,2.7253,17799595,217796636.86,7948470400.0,7948470400.0
2018-01-10,'002428,云南锗业,12.26,12.58,12.01,12.07,12.08,0.18,1.4901,3.4975,22843114,281049163.36,8007251200.0,8007251200.0
2018-01-09,'002428,云南锗业,12.08,12.26,12.0,12.2,12.25,-0.17,-1.3878,1.677,10952504,132596079.31,7889689600.0,7889689600.0
2018-01-08,'002428,云南锗业,12.25,12.39,11.85,11.97,12.02,0.23,1.9135,3.091,20187785,246013068.18,8000720000.0,8000720000.0
2018-01-05,'002428,云南锗业,12.02,12.28,11.94,12.24,12.25,-0.23,-1.8776,2.1985,14358703,173412512.47,7850502400.0,7850502400.0
2018-01-04,'002428,云南锗业,12.25,12.29,11.93,12.01,12.07,0.18,1.4913,2.2365,14606744,177364040.38,8000720000.0,8000720000.0
2018-01-03,'002428,云南锗业,12.07,12.42,12.0,12.17,12.13,-0.06,-0.4946,3.5377,23105211,282579124.24,7883158400.0,7883158400.0
2018-01-02,'002428,云南锗业,12.13,12.2,11.91,12.09,12.07,0.06,0.4971,2.8902,18876446,228303760.06,7922345600.0,7922345600.0
2017-12-29,'002428,云南锗业,12.07,12.08,11.71,11.84,11.91,0.16,1.3434,2.7229,17784037,212106496.82,7883158400.0,7883158400.0
2017-12-28,'002428,云南锗业,11.91,12.03,11.37,11.42,11.47,0.44,3.8361,3.6101,23578223,279360597.08,7778659200.0,7778659200.0
2017-12-27,'002428,云南锗业,11.47,11.84,11.33,11.45,11.44,0.03,0.2622,2.2415,14639847,170315775.04,7491286400.0,7491286400.0
2017-12-26,'002428,云南锗业,11.44,11.63,11.04,11.56,11.63,-0.19,-1.6337,2.4347,15901744,180558793.1,7471692800.0,7471692800.0
2017-12-25,'002428,云南锗业,11.63,12.24,11.63,11.84,11.9,-0.27,-2.2689,2.7367,17874188,213337923.09,7595785600.0,7595785600.0
2017-12-22,'002428,云南锗业,11.9,12.07,11.51,11.57,11.62,0.28,2.4096,3.5591,23245313,275487191.55,7772128000.0,7772128000.0
2017-12-21,'002428,云南锗业,11.62,11.74,11.31,11.46,11.57,0.05,0.4322,2.1312,13919392,160777433.66,7589254400.0,7589254400.0
2017-12-20,'002428,云南锗业,11.57,11.73,11.43,11.49,11.54,0.03,0.26,1.9012,12416853,144015311.57,7556598400.0,7556598400.0
2017-12-19,'002428,云南锗业,11.54,11.58,11.43,11.54,11.6,-0.06,-0.5172,1.4374,9387880,108021522.37,7537004800.0,7537004800.0
2017-12-18,'002428,云南锗业,11.6,11.66,11.26,11.3,11.3,0.3,2.6549,2.1003,13717622,157398359.37,7576192000.0,7576192000.0
2017-12-15,'002428,云南锗业,11.3,11.56,11.2,11.54,11.63,-0.33,-2.8375,1.8538,12107562,137317901.24,7380256000.0,7380256000.0
2017-12-14,'002428,云南锗业,11.63,11.66,11.31,11.5,11.62,0.01,0.0861,1.9828,12950168,149071642.74,7595785600.0,7595785600.0
2017-12-13,'002428,云南锗业,11.62,11.62,11.39,11.5,11.59,0.03,0.2588,2.0387,13314921,153260205.89,7589254400.0,7589254400.0
2017-12-12,'002428,云南锗业,11.59,11.9,11.45,11.72,11.7,-0.11,-0.9402,3.5763,23357476,272422110.02,7569660800.0,7569660800.0
2017-12-11,'002428,云南锗业,11.7,11.7,10.62,10.64,10.64,1.06,9.9624,2.7343,17858488,200730411.46,7641504000.0,7641504000.0
2017-12-08,'002428,云南锗业,10.64,10.77,10.55,10.62,10.62,0.02,0.1883,0.6677,4360733,46542242.06,6949196800.0,6949196800.0
2017-12-07,'002428,云南锗业,10.62,10.83,10.55,10.61,10.67,-0.05,-0.4686,0.7246,4732462,50602628.77,6936134400.0,6936134400.0
2017-12-06,'002428,云南锗业,10.67,10.7,10.35,10.42,10.49,0.18,1.7159,1.0883,7108024,74765251.34,6968790400.0,6968790400.0
2017-12-05,'002428,云南锗业,10.49,11.2,10.32,11.2,11.1,-0.61,-5.4955,1.7702,11561649,123702914.58,6851228800.0,6851228800.0
2017-12-04,'002428,云南锗业,11.1,11.48,11.06,11.26,11.24,-0.14,-1.2456,1.2675,8278525,93612869.56,7249632000.0,7249632000.0
2017-12-01,'002428,云南锗业,11.24,11.3,11.03,11.3,11.22,0.02,0.1783,1.163,7595889,85027594.26,7341068800.0,7341068800.0
2017-11-30,'002428,云南锗业,11.22,11.66,11.17,11.51,11.6,-0.38,-3.2759,1.5897,10382733,118249039.87,7328006400.0,7328006400.0
2017-11-29,'002428,云南锗业,11.6,11.85,11.42,11.61,11.61,-0.01,-0.0861,2.2315,14574682,169800726.93,7576192000.0,7576192000.0
2017-11-28,'002428,云南锗业,11.61,11.63,11.18,11.3,11.36,0.25,2.2007,1.8928,12362159,141475699.23,7582723200.0,7582723200.0
2017-11-27,'002428,云南锗业,11.36,11.62,11.11,11.17,11.26,0.1,0.8881,2.1856,14274268,162622343.65,7419443200.0,7419443200.0
2017-11-24,'002428,云南锗业,11.26,11.34,10.81,10.91,10.99,0.27,2.4568,2.0026,13079408,146805221.14,7354131200.0,7354131200.0
2017-11-23,'002428,云南锗业,10.99,11.5,10.96,11.03,11.09,-0.1,-0.9017,2.5855,16886211,191157137.59,7177788800.0,7177788800.0
2017-11-22,'002428,云南锗业,11.09,11.33,10.57,10.66,10.67,0.42,3.9363,2.2998,15020517,166029197.0,7243100800.0,7243100800.0
2017-11-21,'002428,云南锗业,10.67,10.71,10.42,10.64,10.72,-0.05,-0.4664,1.2048,7868751,83108363.17,6968790400.0,6968790400.0
2017-11-20,'002428,云南锗业,10.72,10.85,10.32,10.76,10.76,-0.04,-0.3717,1.4652,9569791,100635979.14,7001446400.0,7001446400.0
2017-11-17,'002428,云南锗业,10.76,11.22,10.55,11.19,11.25,-0.49,-4.3556,1.6633,10863472,118921463.0,7027571200.0,7027571200.0
2017-11-16,'002428,云南锗业,11.25,11.32,11.03,11.18,11.37,-0.12,-1.0554,2.1938,14328041,160167806.32,7347600000.0,7347600000.0
2017-11-15,'002428,云南锗业,11.37,11.51,10.65,10.76,10.73,0.64,5.9646,4.568,29834306,333061257.5,7425974400.0,7425974400.0
2017-11-14,'002428,云南锗业,10.73,10.79,10.55,10.65,10.65,0.08,0.7512,1.6312,10653405,113913351.45,7007977600.0,7007977600.0
2017-11-13,'002428,云南锗业,10.65,10.65,10.27,10.4,10.4,0.25,2.4038,1.5525,10139459,105966001.16,6955728000.0,6955728000.0
2017-11-10,'002428,云南锗业,10.4,10.48,10.33,10.47,10.48,-0.08,-0.7634,0.8272,5402403,56237143.79,6792448000.0,6792448000.0
2017-11-09,'002428,云南锗业,10.48,10.65,10.41,10.42,10.47,0.01,0.0955,0.8334,5443088,57244867.08,6844697600.0,6844697600.0
2017-11-08,'002428,云南锗业,10.47,10.56,10.31,10.4,10.42,0.05,0.4798,1.0035,6554000,68423364.98,6838166400.0,6838166400.0
2017-11-07,'002428,云南锗业,10.42,10.44,10.23,10.36,10.35,0.07,0.6763,0.9517,6215642,64317537.56,6805510400.0,6805510400.0
2017-11-06,'002428,云南锗业,10.35,10.36,10.2,10.24,10.23,0.12,1.173,0.8415,5496017,56604665.95,6759792000.0,6759792000.0
2017-11-03,'002428,云南锗业,10.23,10.45,10.13,10.43,10.43,-0.2,-1.9175,1.1414,7454875,76509256.06,6681417600.0,6681417600.0
2017-11-02,'002428,云南锗业,10.43,10.62,10.4,10.62,10.62,-0.19,-1.7891,0.8983,5866926,61458880.66,6812041600.0,6812041600.0
2017-11-01,'002428,云南锗业,10.62,10.88,10.6,10.8,10.68,-0.06,-0.5618,1.0666,6966300,74576402.0,6936134400.0,6936134400.0
2017-10-31,'002428,云南锗业,10.68,10.8,10.57,10.69,10.7,-0.02,-0.1869,1.1107,7254202,77497906.26,6975321600.0,6975321600.0
2017-10-30,'002428,云南锗业,10.7,11.21,10.57,11.21,11.22,-0.52,-4.6346,1.8656,12184776,131188116.3,6988384000.0,6988384000.0
2017-10-27,'002428,云南锗业,11.22,11.7,11.18,11.7,11.58,-0.36,-3.1088,1.2354,8068844,91717051.49,7328006400.0,7328006400.0
2017-10-26,'002428,云南锗业,11.58,11.65,11.47,11.56,11.53,0.05,0.4337,1.0923,7134200,82467470.15,7563129600.0,7563129600.0
2017-10-25,'002428,云南锗业,11.53,11.55,11.36,11.5,11.48,0.05,0.4355,0.6295,4111129,47076753.44,7530473600.0,7530473600.0
2017-10-24,'002428,云南锗业,11.48,11.61,11.4,11.47,11.42,0.06,0.5254,0.7888,5151860,59228161.66,7497817600.0,7497817600.0
2017-10-23,'002428,云南锗业,11.42,11.47,11.31,11.35,11.37,0.05,0.4398,0.6946,4536811,51677786.12,7458630400.0,7458630400.0
2017-10-20,'002428,云南锗业,11.37,11.38,11.09,11.12,11.08,0.29,2.6173,0.7804,5097060,57467348.83,7425974400.0,7425974400.0
2017-10-19,'002428,云南锗业,11.08,11.35,11.07,11.33,11.31,-0.23,-2.0336,1.1471,7492100,84057597.06,7236569600.0,7236569600.0
2017-10-18,'002428,云南锗业,11.31,11.67,11.26,11.5,11.52,-0.21,-1.8229,1.0154,6631649,76204140.02,7386787200.0,7386787200.0
2017-10-17,'002428,云南锗业,11.52,11.67,11.51,11.67,11.7,-0.18,-1.5385,0.8651,5650026,65379215.1,7523942400.0,7523942400.0
2017-10-16,'002428,云南锗业,11.7,11.86,11.5,11.83,11.81,-0.11,-0.9314,1.6639,10867244,126805547.02,7641504000.0,7641504000.0
2017-10-13,'002428,云南锗业,11.81,11.86,11.73,11.78,11.76,0.05,0.4252,0.7902,5161080,60897409.4,7713347200.0,7713347200.0
2017-10-12,'002428,云南锗业,11.76,11.95,11.54,11.95,11.94,-0.18,-1.5075,1.6325,10661876,125024796.06,7680691200.0,7680691200.0
2017-10-11,'002428,云南锗业,11.94,12.24,11.88,12.17,12.17,-0.23,-1.8899,1.5218,9939400,119722058.51,7798252800.0,7798252800.0
2017-10-10,'002428,云南锗业,12.17,12.43,12.1,12.43,12.23,-0.06,-0.4906,1.1939,7797613,95097872.6,7948470400.0,7948470400.0
2017-10-09,'002428,云南锗业,12.23,12.28,12.13,12.21,12.03,0.2,1.6625,1.437,9385472,114685105.93,7987657600.0,7987657600.0
2017-09-29,'002428,云南锗业,12.03,12.09,11.9,11.98,11.91,0.12,1.0076,1.1108,7255135,87002063.3,7857033600.0,7857033600.0
2017-09-28,'002428,云南锗业,11.91,12.2,11.9,12.16,12.14,-0.23,-1.8946,1.2971,8471883,102151417.66,7778659200.0,7778659200.0
2017-09-27,'002428,云南锗业,12.14,12.26,12.06,12.11,12.13,0.01,0.0824,1.243,8118593,98783443.68,7928876800.0,7928876800.0
2017-09-26,'002428,云南锗业,12.13,12.18,11.92,11.97,11.92,0.21,1.7617,1.5499,10122662,122095330.74,7922345600.0,7922345600.0
2017-09-25,'002428,云南锗业,11.92,12.65,11.8,12.44,12.55,-0.63,-5.0199,2.8708,18749624,229195889.68,7785190400.0,7785190400.0
2017-09-22,'002428,云南锗业,12.55,12.75,12.4,12.69,12.71,-0.16,-1.2589,3.1856,20805958,261706306.79,8196656000.0,8196656000.0
2017-09-21,'002428,云南锗业,12.71,13.35,12.71,13.29,13.32,-0.61,-4.5796,5.2187,34084065,443208499.3,8301155200.0,8301155200.0
2017-09-20,'002428,云南锗业,13.32,13.8,12.62,12.68,12.7,0.62,4.8819,9.1021,59447651,789917956.89,8699558400.0,8699558400.0
2017-09-19,'002428,云南锗业,12.7,12.88,12.56,12.8,12.73,-0.03,-0.2357,2.665,17405729,221310545.14,8294624000.0,8294624000.0
2017-09-18,'002428,云南锗业,12.73,12.86,12.36,12.36,12.37,0.36,2.9103,2.553,16673831,211190863.18,8314217600.0,8314217600.0
2017-09-15,'002428,云南锗业,12.37,12.8,12.33,12.74,12.84,-0.47,-3.6604,2.667,17418787,217133945.66,8079094400.0,8079094400.0
2017-09-14,'002428,云南锗业,12.84,13.09,12.65,12.99,13.12,-0.28,-2.1341,3.3617,21955636,281662369.76,8386060800.0,8386060800.0
2017-09-13,'002428,云南锗业,13.12,13.17,12.5,12.67,12.68,0.44,3.47,4.6215,30183878,388277638.33,8568934400.0,8568934400.0
2017-09-12,'002428,云南锗业,12.68,13.25,12.65,12.9,13.01,-0.33,-2.5365,5.4749,35757495,463791629.05,8281561600.0,8281561600.0
2017-09-11,'002428,云南锗业,13.01,13.01,12.49,12.6,12.75,0.26,2.0392,3.8551,25178309,322352660.49,8497091200.0,8497091200.0
2017-09-08,'002428,云南锗业,12.75,12.89,12.43,12.48,12.52,0.23,1.8371,4.5812,29920619,381125214.87,8327280000.0,8327280000.0
2017-09-07,'002428,云南锗业,12.52,12.62,12.33,12.33,12.45,0.07,0.5622,3.017,19704346,246122750.97,8177062400.0,8177062400.0
2017-09-06,'002428,云南锗业,12.45,12.8,12.38,12.4,12.58,-0.13,-1.0334,4.4582,29117598,366707853.33,8131344000.0,8131344000.0
2017-09-05,'002428,云南锗业,12.58,12.72,12.26,12.65,12.98,-0.4,-3.0817,5.5794,36440242,456264588.18,8216249600.0,8216249600.0
2017-09-04,'002428,云南锗业,12.98,13.42,12.56,12.65,12.2,0.78,6.3934,9.1785,59946533,779201685.69,8477497600.0,8477497600.0
2017-09-01,'002428,云南锗业,12.2,12.28,11.75,11.82,11.82,0.38,3.2149,4.4701,29194797,351742375.2,7968064000.0,7968064000.0
2017-08-31,'002428,云南锗业,11.82,11.88,11.62,11.64,11.7,0.12,1.0256,2.2908,14961876,175902129.91,7719878400.0,7719878400.0
2017-08-30,'002428,云南锗业,11.7,11.81,11.51,11.58,11.56,0.14,1.2111,2.087,13630785,159098163.19,7641504000.0,7641504000.0
2017-08-29,'002428,云南锗业,11.56,11.83,11.48,11.54,11.55,0.01,0.0866,1.7313,11307463,131591194.73,7550067200.0,7550067200.0
2017-08-28,'002428,云南锗业,11.55,11.62,11.34,11.38,11.43,0.12,1.0499,1.5593,10184226,117392614.28,7543536000.0,7543536000.0
2017-08-25,'002428,云南锗业,11.43,11.54,11.21,11.21,11.17,0.26,2.3277,1.6736,10930642,124548861.33,7465161600.0,7465161600.0
2017-08-24,'002428,云南锗业,11.17,11.69,11.11,11.66,11.56,-0.39,-3.3737,2.1638,14132105,160753316.19,7295350400.0,7295350400.0
2017-08-23,'002428,云南锗业,11.56,11.78,11.48,11.77,11.89,-0.33,-2.7754,1.7268,11278385,130925478.39,7550067200.0,7550067200.0
2017-08-22,'002428,云南锗业,11.89,12.14,11.83,12.0,12.02,-0.13,-1.0815,2.5802,16851616,201880815.98,7765596800.0,7765596800.0
2017-08-21,'002428,云南锗业,12.02,12.07,11.68,11.7,11.74,0.28,2.385,2.4374,15919089,190069037.31,7850502400.0,7850502400.0
2017-08-18,'002428,云南锗业,11.74,11.78,11.53,11.65,11.85,-0.11,-0.9283,2.2239,14524878,169130322.36,7667628800.0,7667628800.0
2017-08-17,'002428,云南锗业,11.85,12.2,11.78,11.89,11.74,0.11,0.937,3.0451,19888146,237789043.29,7739472000.0,7739472000.0
2017-08-16,'002428,云南锗业,11.74,12.19,11.37,12.19,12.19,-0.45,-3.6916,3.4508,22537779,264181089.28,7667628800.0,7667628800.0
2017-08-15,'002428,云南锗业,12.19,12.31,11.96,12.15,12.2,-0.01,-0.082,2.0837,13609019,164924003.74,7961532800.0,7961532800.0
2017-08-14,'002428,云南锗业,12.2,12.39,11.87,12.11,12.09,0.11,0.9098,2.6608,17378097,211826296.75,7968064000.0,7968064000.0
2017-08-11,'002428,云南锗业,12.09,12.99,11.92,12.99,13.18,-1.09,-8.2701,5.2621,34368010,429054360.1,7896220800.0,7896220800.0
2017-08-10,'002428,云南锗业,13.18,13.41,12.96,13.22,13.52,-0.34,-2.5148,5.1796,33828884,446861844.91,8608121600.0,8608121600.0
2017-08-09,'002428,云南锗业,13.52,13.58,12.92,13.09,13.0,0.52,4.0,6.6618,43509839,576199104.09,8830182400.0,8830182400.0
2017-08-08,'002428,云南锗业,13.0,13.54,12.9,13.04,13.18,-0.18,-1.3657,6.8835,44957776,593570184.37,8490560000.0,8490560000.0
2017-08-07,'002428,云南锗业,13.18,13.18,12.17,12.35,12.49,0.69,5.5244,6.1444,40130270,511508733.54,8608121600.0,8608121600.0
2017-08-04,'002428,云南锗业,12.49,13.25,12.47,12.72,12.86,-0.37,-2.8771,5.9945,39151463,506228898.13,8157468800.0,8157468800.0
2017-08-03,'002428,云南锗业,12.86,12.9,12.18,12.36,12.42,0.44,3.5427,6.1951,40461226,510772154.53,8399123200.0,8399123200.0
2017-08-02,'002428,云南锗业,12.42,13.01,12.35,12.49,12.55,-0.13,-1.0359,5.4167,35377452,448936428.16,8111750400.0,8111750400.0
2017-08-01,'002428,云南锗业,12.55,12.73,12.4,12.51,12.73,-0.18,-1.414,3.7735,24645316,308396046.97,8196656000.0,8196656000.0
2017-07-31,'002428,云南锗业,12.73,12.95,12.15,12.18,12.28,0.45,3.6645,6.8192,44537765,560745084.17,8314217600.0,8314217600.0
2017-07-28,'002428,云南锗业,12.28,12.48,11.68,11.73,11.8,0.48,4.0678,4.714,30788036,374222889.92,8020313600.0,8020313600.0
2017-07-27,'002428,云南锗业,11.8,12.02,11.46,12.02,12.04,-0.24,-1.9934,3.2119,20977636,246514632.34,7706816000.0,7706816000.0
2017-07-26,'002428,云南锗业,12.04,12.36,11.99,12.23,12.11,-0.07,-0.578,4.3091,28143385,342193075.46,7863564800.0,7863564800.0
2017-07-25,'002428,云南锗业,12.11,12.3,11.8,12.24,12.32,-0.21,-1.7045,3.2457,21198266,256061055.49,7909283200.0,7909283200.0
2017-07-24,'002428,云南锗业,12.32,12.32,11.85,11.85,11.88,0.44,3.7037,4.3131,28169626,339931633.22,8046438400.0,8046438400.0
2017-07-21,'002428,云南锗业,11.88,12.15,11.75,11.96,12.09,-0.21,-1.737,3.1196,20374654,243328810.94,7759065600.0,7759065600.0
2017-07-20,'002428,云南锗业,12.09,12.21,11.89,12.08,12.11,-0.02,-0.1652,5.0971,33289934,400881169.55,7896220800.0,7896220800.0
2017-07-19,'002428,云南锗业,12.11,12.11,10.99,11.02,11.01,1.1,9.9909,7.1144,46465617,547746258.59,7909283200.0,7909283200.0
2017-07-18,'002428,云南锗业,11.01,11.04,10.68,10.7,10.77,0.24,2.2284,1.8606,12151780,132641290.59,7190851200.0,7190851200.0
2017-07-17,'002428,云南锗业,10.77,11.45,10.77,11.44,11.43,-0.66,-5.7743,2.8762,18785322,206400390.14,7034102400.0,7034102400.0
2017-07-14,'002428,云南锗业,11.43,11.6,11.37,11.58,11.76,-0.33,-2.8061,1.7444,11393220,130835828.54,7465161600.0,7465161600.0
2017-07-13,'002428,云南锗业,11.76,12.05,11.53,11.65,11.72,0.04,0.3413,3.4913,22802409,269293395.5,7680691200.0,7680691200.0
2017-07-12,'002428,云南锗业,11.72,11.73,11.33,11.48,11.44,0.28,2.4476,2.4532,16022018,184870349.9,7654566400.0,7654566400.0
2017-07-11,'002428,云南锗业,11.44,12.08,11.31,12.03,12.03,-0.59,-4.9044,3.1726,20720871,241901060.96,7471692800.0,7471692800.0
2017-07-10,'002428,云南锗业,12.03,12.25,11.83,11.91,12.02,0.01,0.0832,4.1908,27371043,329795758.16,7857033600.0,7857033600.0
2017-07-07,'002428,云南锗业,12.02,12.21,11.4,11.6,11.71,0.31,2.6473,4.7397,30956224,365421502.74,7850502400.0,7850502400.0
2017-07-06,'002428,云南锗业,11.71,11.74,11.29,11.4,11.54,0.17,1.4731,4.0689,26574834,306752561.56,7648035200.0,7648035200.0
2017-07-05,'002428,云南锗业,11.54,11.59,11.12,11.28,11.38,0.16,1.406,3.9844,26023235,295920568.24,7537004800.0,7537004800.0
2017-07-04,'002428,云南锗业,11.38,11.86,11.25,11.44,11.23,0.15,1.3357,6.0935,39797894,458739246.11,7432505600.0,7432505600.0
2017-07-03,'002428,云南锗业,11.23,11.25,10.53,10.65,10.68,0.55,5.1498,3.5425,23136681,253056069.06,7334537600.0,7334537600.0
2017-06-30,'002428,云南锗业,10.68,10.75,10.51,10.54,10.62,0.06,0.565,1.4459,9443393,100504643.04,6975321600.0,6975321600.0
2017-06-29,'002428,云南锗业,10.62,10.74,10.45,10.48,10.5,0.12,1.1429,1.8955,12380103,131637514.65,6936134400.0,6936134400.0
2017-06-28,'002428,云南锗业,10.5,10.64,10.35,10.45,10.48,0.02,0.1908,2.1311,13918698,146416178.17,6857760000.0,6857760000.0
2017-06-27,'002428,云南锗业,10.48,10.55,10.31,10.35,10.4,0.08,0.7692,1.5267,9970995,103987921.31,6844697600.0,6844697600.0
2017-06-26,'002428,云南锗业,10.4,10.41,10.18,10.19,10.23,0.17,1.6618,1.696,11076924,114324045.48,6792448000.0,6792448000.0
2017-06-23,'002428,云南锗业,10.23,10.31,9.98,10.21,10.2,0.03,0.2941,1.0792,7048449,71436625.89,6681417600.0,6681417600.0
2017-06-22,'002428,云南锗业,10.2,10.47,10.17,10.36,10.37,-0.17,-1.6393,1.1382,7433866,76613747.62,6661824000.0,6661824000.0
2017-06-21,'002428,云南锗业,10.37,10.52,10.28,10.47,10.52,-0.15,-1.4259,1.2078,7888498,81808034.82,6772854400.0,6772854400.0
2017-06-20,'002428,云南锗业,10.52,10.64,10.2,10.35,10.35,0.17,1.6425,1.8089,11814162,123437550.28,6870822400.0,6870822400.0
2017-06-19,'002428,云南锗业,10.35,10.5,10.18,10.5,10.49,-0.14,-1.3346,1.597,10430142,107513453.36,6759792000.0,6759792000.0
2017-06-16,'002428,云南锗业,10.49,10.64,10.26,10.4,10.39,0.1,0.9625,1.311,8562723,89482450.99,6851228800.0,6851228800.0
2017-06-15,'002428,云南锗业,10.39,10.49,10.2,10.28,10.26,0.13,1.2671,1.3158,8593599,89082829.21,6785916800.0,6785916800.0
2017-06-14,'002428,云南锗业,10.26,10.29,10.12,10.16,10.17,0.09,0.885,0.916,5982350,61144288.66,6701011200.0,6701011200.0
2017-06-13,'002428,云南锗业,10.17,10.26,9.87,9.88,9.9,0.27,2.7273,1.2881,8412791,85454718.83,6642230400.0,6642230400.0
2017-06-12,'002428,云南锗业,9.9,10.08,9.88,10.08,10.09,-0.19,-1.8831,0.6481,4232590,42344863.15,6465888000.0,6465888000.0
2017-06-09,'002428,云南锗业,10.09,10.18,10.01,10.14,10.15,-0.06,-0.5911,0.6731,4395850,44294100.18,6589980800.0,6589980800.0
2017-06-08,'002428,云南锗业,10.15,10.22,10.09,10.17,10.17,-0.02,-0.1967,0.4355,2844441,28884800.4,6629168000.0,6629168000.0
2017-06-07,'002428,云南锗业,10.17,10.22,9.93,9.96,9.95,0.22,2.2111,0.8999,5877306,59457545.86,6642230400.0,6642230400.0
2017-06-06,'002428,云南锗业,9.95,9.96,9.85,9.9,9.92,0.03,0.3024,0.4198,2741727,27210598.72,6498544000.0,6498544000.0
2017-06-05,'002428,云南锗业,9.92,9.95,9.78,9.8,9.86,0.06,0.6085,0.5173,3378483,33414264.51,6478950400.0,6478950400.0
2017-06-02,'002428,云南锗业,9.86,9.95,9.43,9.7,9.68,0.18,1.8595,0.8411,5493204,52684391.39,6439763200.0,6439763200.0
2017-06-01,'002428,云南锗业,9.68,10.12,9.68,10.03,10.08,-0.4,-3.9683,0.5751,3756031,37197395.9,6322201600.0,6322201600.0
2017-05-31,'002428,云南锗业,10.08,10.3,10.07,10.28,10.12,-0.04,-0.3953,0.5223,3411069,34738350.91,6583449600.0,6583449600.0
2017-05-26,'002428,云南锗业,10.12,10.27,10.12,10.15,10.19,-0.07,-0.6869,0.5069,3310478,33696422.87,6609574400.0,6609574400.0
2017-05-25,'002428,云南锗业,10.19,10.19,9.83,9.93,9.93,0.26,2.6183,0.9097,5941242,59625010.05,6655292800.0,6655292800.0
2017-05-24,'002428,云南锗业,9.93,10.01,9.63,9.87,9.9,0.03,0.303,0.6889,4499603,44316249.93,6485481600.0,6485481600.0
2017-05-23,'002428,云南锗业,9.9,10.26,9.88,10.23,10.38,-0.48,-4.6243,1.1278,7365654,73863672.88,6465888000.0,6465888000.0
2017-05-22,'002428,云南锗业,10.38,10.78,10.15,10.29,10.3,0.08,0.7767,1.2659,8267589,86813980.29,6779385600.0,6779385600.0
2017-05-19,'002428,云南锗业,10.3,10.45,10.24,10.26,10.28,0.02,0.1946,0.5675,3706130,38292411.96,6727136000.0,6727136000.0
2017-05-18,'002428,云南锗业,10.28,10.42,10.25,10.31,10.35,-0.07,-0.6763,0.5161,3370813,34789469.06,6714073600.0,6714073600.0
2017-05-17,'002428,云南锗业,10.35,10.5,10.32,10.32,10.35,0.0,0.0,0.7629,4982439,51820050.84,6759792000.0,6759792000.0
2017-05-16,'002428,云南锗业,10.35,10.38,9.92,10.12,10.12,0.23,2.2727,1.0045,6560464,66467870.79,6759792000.0,6759792000.0
2017-05-15,'002428,云南锗业,10.12,10.18,9.98,10.09,10.06,0.06,0.5964,0.5883,3842173,38786568.99,6609574400.0,6609574400.0
2017-05-12,'002428,云南锗业,10.06,10.22,10.03,10.2,10.2,-0.14,-1.3725,0.8892,5807823,58668132.07,6570387200.0,6570387200.0
2017-05-11,'002428,云南锗业,10.2,10.55,9.88,10.48,10.49,-0.29,-2.7645,1.4597,9533707,96794686.54,6661824000.0,6661824000.0
2017-05-10,'002428,云南锗业,10.49,10.9,10.42,10.88,10.8,-0.31,-2.8704,0.7287,4759311,51000219.36,6851228800.0,6851228800.0
2017-05-09,'002428,云南锗业,10.8,10.91,10.57,10.63,10.65,0.15,1.4085,0.5569,3637070,39129365.77,7053696000.0,7053696000.0
2017-05-08,'002428,云南锗业,10.65,11.11,10.65,11.07,11.15,-0.5,-4.4843,1.0713,6997100,76065803.41,6955728000.0,6955728000.0
2017-05-05,'002428,云南锗业,11.15,11.25,11.03,11.15,11.18,-0.03,-0.2683,0.5736,3746285,41692488.06,7282288000.0,7282288000.0
2017-05-04,'002428,云南锗业,11.18,11.38,11.03,11.3,11.39,-0.21,-1.8437,0.8149,5321973,59569292.34,7301881600.0,7301881600.0
2017-05-03,'002428,云南锗业,11.39,11.55,11.2,11.2,11.2,0.19,1.6964,0.8504,5553845,63373200.88,7439036800.0,7439036800.0
2017-05-02,'002428,云南锗业,11.2,11.32,11.14,11.2,11.2,0.0,0.0,0.5365,3504169,39328929.54,7314944000.0,7314944000.0
2017-04-28,'002428,云南锗业,11.2,11.35,11.17,11.21,11.24,-0.04,-0.3559,0.6787,4432650,49813943.53,7314944000.0,7314944000.0
2017-04-27,'002428,云南锗业,11.24,11.33,10.82,10.98,10.98,0.26,2.3679,1.0284,6716435,74354601.67,7341068800.0,7341068800.0
2017-04-26,'002428,云南锗业,10.98,11.05,10.76,10.79,10.76,0.22,2.0446,0.7995,5221639,57063759.76,7171257600.0,7171257600.0
2017-04-25,'002428,云南锗业,10.76,11.05,10.71,11.01,10.94,-0.18,-1.6453,1.0852,7087749,77219636.09,7027571200.0,7027571200.0
2017-04-24,'002428,云南锗业,10.94,11.6,10.9,11.59,11.58,-0.64,-5.5268,1.2074,7885877,87746904.62,7145132800.0,7145132800.0
2017-04-21,'002428,云南锗业,11.58,11.77,11.58,11.77,11.7,-0.12,-1.0256,0.6016,3929389,45822676.47,7563129600.0,7563129600.0
2017-04-20,'002428,云南锗业,11.7,12.06,11.54,12.06,11.98,-0.28,-2.3372,0.9836,6423849,75723950.01,7641504000.0,7641504000.0
2017-04-19,'002428,云南锗业,11.98,12.07,11.83,12.0,12.0,-0.02,-0.1667,0.7741,5055772,60310875.04,7824377600.0,7824377600.0
2017-04-18,'002428,云南锗业,12.0,12.3,12.0,12.2,12.21,-0.21,-1.7199,0.9598,6268934,76488123.25,7837440000.0,7837440000.0
2017-04-17,'002428,云南锗业,12.21,12.49,12.01,12.4,12.47,-0.26,-2.085,1.3615,8892279,108729083.56,7974595200.0,7974595200.0
2017-04-14,'002428,云南锗业,12.47,12.76,12.4,12.74,12.74,-0.27,-2.1193,0.923,6028262,75707222.54,8144406400.0,8144406400.0
2017-04-13,'002428,云南锗业,12.74,12.84,12.67,12.67,12.71,0.03,0.236,0.5978,3904205,49822963.87,8320748800.0,8320748800.0
2017-04-12,'002428,云南锗业,12.71,12.88,12.7,12.88,12.9,-0.19,-1.4729,0.7493,4894129,62511805.3,8301155200.0,8301155200.0
2017-04-11,'002428,云南锗业,12.9,12.9,12.62,12.74,12.8,0.1,0.7813,1.2453,8133195,103659876.03,8425248000.0,8425248000.0
2017-04-10,'002428,云南锗业,12.8,12.99,12.62,12.93,13.0,-0.2,-1.5385,1.4167,9252850,118062831.1,8359936000.0,8359936000.0
2017-04-07,'002428,云南锗业,13.0,13.25,12.89,12.95,12.98,0.02,0.1541,1.631,10652120,139280046.73,8490560000.0,8490560000.0
2017-04-06,'002428,云南锗业,12.98,13.04,12.83,12.96,12.99,-0.01,-0.077,1.0557,6895304,89104804.67,8477497600.0,8477497600.0
2017-04-05,'002428,云南锗业,12.99,13.07,12.71,12.82,12.82,0.17,1.3261,0.9776,6384602,82838427.73,8484028800.0,8484028800.0
2017-03-31,'002428,云南锗业,12.82,12.82,12.66,12.66,12.71,0.11,0.8655,0.7468,4877538,62275291.37,8372998400.0,8372998400.0
2017-03-30,'002428,云南锗业,12.71,13.21,12.54,13.21,13.2,-0.49,-3.7121,1.9764,12908565,165179405.63,8301155200.0,8301155200.0
2017-03-29,'002428,云南锗业,13.2,13.29,13.11,13.2,13.18,0.02,0.1517,1.0158,6634101,87578136.47,8621184000.0,8621184000.0
2017-03-28,'002428,云南锗业,13.18,13.26,13.15,13.18,13.21,-0.03,-0.2271,0.7134,4659521,61535708.91,8608121600.0,8608121600.0
2017-03-27,'002428,云南锗业,13.21,13.27,13.13,13.25,13.15,0.06,0.4563,1.0722,7002503,92444049.68,8627715200.0,8627715200.0
2017-03-24,'002428,云南锗业,13.15,13.34,12.93,13.34,13.37,-0.22,-1.6455,1.979,12925369,169393409.5,8588528000.0,8588528000.0
2017-03-23,'002428,云南锗业,13.37,13.76,13.12,13.6,13.6,-0.23,-1.6912,2.3887,15600751,209679188.93,8732214400.0,8732214400.0
2017-03-22,'002428,云南锗业,13.6,13.77,13.44,13.54,13.62,-0.02,-0.1468,1.099,7177689,97708258.67,8882432000.0,8882432000.0
2017-03-21,'002428,云南锗业,13.62,13.72,13.51,13.71,13.75,-0.13,-0.9455,1.034,6753070,91853793.19,8895494400.0,8895494400.0
2017-03-20,'002428,云南锗业,13.75,13.85,13.5,13.74,13.76,-0.01,-0.0727,1.7442,11391585,155731774.93,8980400000.0,8980400000.0
2017-03-17,'002428,云南锗业,13.76,14.14,13.75,14.08,14.1,-0.34,-2.4113,1.9822,12946198,181005292.08,8986931200.0,8986931200.0
2017-03-16,'002428,云南锗业,14.1,14.3,14.01,14.25,14.15,-0.05,-0.3534,2.1144,13809588,194797694.15,9208992000.0,9208992000.0
2017-03-15,'002428,云南锗业,14.15,14.25,13.98,14.1,14.08,0.07,0.4972,1.6982,11091563,156603345.04,9241648000.0,9241648000.0
2017-03-14,'002428,云南锗业,14.08,14.26,14.01,14.12,14.12,-0.04,-0.2833,2.4873,16244954,229671836.55,9195929600.0,9195929600.0
2017-03-13,'002428,云南锗业,14.12,14.18,13.63,13.78,13.82,0.3,2.1708,2.553,16674230,233137798.23,9222054400.0,9222054400.0
2017-03-10,'002428,云南锗业,13.82,13.96,13.72,13.87,13.98,-0.16,-1.1445,1.671,10913735,151143898.0,9026118400.0,9026118400.0
2017-03-09,'002428,云南锗业,13.98,14.06,13.72,13.9,14.0,-0.02,-0.1429,1.8643,12175931,168693216.78,9130617600.0,9130617600.0
2017-03-08,'002428,云南锗业,14.0,14.11,13.72,14.07,14.06,-0.06,-0.4267,2.2858,14929068,207928270.42,9143680000.0,9143680000.0
2017-03-07,'002428,云南锗业,14.06,14.25,13.96,14.12,14.16,-0.1,-0.7062,2.6989,17627027,247744225.23,9182867200.0,9182867200.0
2017-03-06,'002428,云南锗业,14.16,14.55,14.11,14.31,14.4,-0.24,-1.6667,3.908,25524095,364006136.71,9248179200.0,9248179200.0
2017-03-03,'002428,云南锗业,14.4,14.73,14.21,14.29,14.54,-0.14,-0.9629,5.0575,33031779,478346922.86,9404928000.0,9404928000.0
2017-03-02,'002428,云南锗业,14.54,15.37,13.92,13.94,13.97,0.57,4.0802,9.8918,64605171,961595580.68,9496364800.0,9496364800.0
2017-03-01,'002428,云南锗业,13.97,14.15,13.62,13.66,13.7,0.27,1.9708,3.0213,19732479,275747904.18,9124086400.0,9124086400.0
2017-02-28,'002428,云南锗业,13.7,13.8,13.52,13.58,13.54,0.16,1.1817,1.6779,10959005,149880531.05,8947744000.0,8947744000.0
2017-02-27,'002428,云南锗业,13.54,14.1,13.51,13.81,13.85,-0.31,-2.2383,2.078,13571759,186619070.64,8843244800.0,8843244800.0
2017-02-24,'002428,云南锗业,13.85,13.88,13.6,13.8,13.89,-0.04,-0.288,1.8933,12365275,169837434.03,9045712000.0,9045712000.0
2017-02-23,'002428,云南锗业,13.89,14.06,13.46,13.5,13.52,0.37,2.7367,4.0127,26207678,362932058.61,9071836800.0,9071836800.0
2017-02-22,'002428,云南锗业,13.52,13.65,13.46,13.5,13.6,-0.08,-0.5882,1.7117,11179573,151443638.55,8830182400.0,8830182400.0
2017-02-21,'002428,云南锗业,13.6,13.74,13.23,13.27,13.25,0.35,2.6415,2.9227,19088718,257786623.21,8882432000.0,8882432000.0
2017-02-20,'002428,云南锗业,13.25,13.25,13.04,13.04,13.08,0.17,1.2997,1.4238,9298849,122093327.17,8653840000.0,8653840000.0
2017-02-17,'002428,云南锗业,13.08,13.34,13.02,13.31,13.34,-0.26,-1.949,1.8276,11936627,156960687.82,8542809600.0,8542809600.0
2017-02-16,'002428,云南锗业,13.34,13.57,12.91,12.91,13.0,0.34,2.6154,2.7325,17846522,238012635.76,8712620800.0,8712620800.0
2017-02-15,'002428,云南锗业,13.0,13.26,12.94,13.13,13.17,-0.17,-1.2908,1.0783,7042476,92001090.42,8490560000.0,8490560000.0
2017-02-14,'002428,云南锗业,13.17,13.29,13.0,13.22,13.3,-0.13,-0.9774,1.2256,8004920,105060625.22,8601590400.0,8601590400.0
2017-02-13,'002428,云南锗业,13.3,13.51,13.25,13.38,13.26,0.04,0.3017,1.3289,8679273,115646926.41,8686496000.0,8686496000.0
2017-02-10,'002428,云南锗业,13.26,13.43,13.2,13.43,13.37,-0.11,-0.8227,1.3476,8801459,116823512.09,8660371200.0,8660371200.0
2017-02-09,'002428,云南锗业,13.37,13.53,13.2,13.2,13.27,0.1,0.7536,1.2489,8156920,108796589.1,8732214400.0,8732214400.0
2017-02-08,'002428,云南锗业,13.27,13.4,13.08,13.19,13.16,0.11,0.8359,0.9034,5900528,78072092.56,8666902400.0,8666902400.0
2017-02-07,'002428,云南锗业,13.16,13.23,13.01,13.16,13.17,-0.01,-0.0759,0.6284,4104231,53888359.03,8595059200.0,8595059200.0
2017-02-06,'002428,云南锗业,13.17,13.21,12.9,13.0,13.03,0.14,1.0744,0.7554,4933858,64379616.26,8601590400.0,8601590400.0
2017-02-03,'002428,云南锗业,13.03,13.3,12.99,13.3,13.18,-0.15,-1.1381,0.6199,4048498,53002687.55,8510153600.0,8510153600.0
2017-01-26,'002428,云南锗业,13.18,13.24,12.87,12.87,12.87,0.31,2.4087,1.178,7693817,100718161.85,8608121600.0,8608121600.0
2017-01-25,'002428,云南锗业,12.87,13.06,12.82,12.89,12.98,-0.11,-0.8475,0.609,3977251,51292609.28,8405654400.0,8405654400.0
2017-01-24,'002428,云南锗业,12.98,13.19,12.67,12.72,12.82,0.16,1.248,1.0672,6970271,90235671.57,8477497600.0,8477497600.0
2017-01-23,'002428,云南锗业,12.82,12.98,12.49,12.55,12.45,0.37,2.9719,1.1261,7354975,93944020.01,8372998400.0,8372998400.0
2017-01-20,'002428,云南锗业,12.45,12.63,12.31,12.32,12.36,0.09,0.7282,0.5418,3538759,44179634.18,8131344000.0,8131344000.0
2017-01-19,'002428,云南锗业,12.36,12.55,12.27,12.54,12.54,-0.18,-1.4354,0.6381,4167662,51555193.08,8072563200.0,8072563200.0
2017-01-18,'002428,云南锗业,12.54,12.66,12.26,12.31,12.37,0.17,1.3743,1.2079,7888925,98637048.27,8190124800.0,8190124800.0
2017-01-17,'002428,云南锗业,12.37,12.37,12.01,12.27,12.22,0.15,1.2275,0.724,4728537,57746660.49,8079094400.0,8079094400.0
2017-01-16,'002428,云南锗业,12.22,13.05,11.85,13.01,13.03,-0.81,-6.2164,1.2061,7877351,98404164.19,7981126400.0,7981126400.0
2017-01-13,'002428,云南锗业,13.03,13.29,13.01,13.2,13.19,-0.16,-1.213,0.728,4754834,62446761.32,8510153600.0,8510153600.0
2017-01-12,'002428,云南锗业,13.19,13.6,13.13,13.19,13.18,0.01,0.0759,1.1417,7456880,99306636.0,8614652800.0,8614652800.0
2017-01-11,'002428,云南锗业,13.18,13.4,13.14,13.33,13.34,-0.16,-1.1994,0.8095,5286698,70042339.82,8608121600.0,8608121600.0
2017-01-10,'002428,云南锗业,13.34,13.39,13.15,13.18,13.18,0.16,1.214,1.4965,9774063,129857497.98,8712620800.0,8712620800.0
2017-01-09,'002428,云南锗业,13.18,13.28,12.98,13.13,13.12,0.06,0.4573,0.8653,5651561,74206489.76,8608121600.0,8608121600.0
2017-01-06,'002428,云南锗业,13.12,13.26,13.03,13.24,13.38,-0.26,-1.9432,1.0268,6705953,87989144.47,8568934400.0,8568934400.0
2017-01-05,'002428,云南锗业,13.38,13.47,12.93,12.96,12.97,0.41,3.1611,1.5819,10331857,135531856.45,8738745600.0,8738745600.0
2017-01-04,'002428,云南锗业,12.97,12.99,12.83,12.93,12.88,0.09,0.6988,0.7501,4898738,63299006.2,8470966400.0,8470966400.0
2017-01-03,'002428,云南锗业,12.88,12.94,12.71,12.74,12.67,0.21,1.6575,0.7868,5138972,66132892.63,8412185600.0,8412185600.0
2016-12-30,'002428,云南锗业,12.67,12.81,12.65,12.77,12.73,-0.06,-0.4713,0.4922,3214574,40878770.97,8275030400.0,8275030400.0
2016-12-29,'002428,云南锗业,12.73,12.86,12.7,12.84,12.87,-0.14,-1.0878,1.1487,7502366,95844992.92,8314217600.0,8314217600.0
2016-12-28,'002428,云南锗业,12.87,13.11,12.82,12.99,12.89,-0.02,-0.1552,0.7466,4876168,63345550.26,8405654400.0,8405654400.0
2016-12-27,'002428,云南锗业,12.89,12.96,12.81,12.95,12.89,0.0,0.0,0.462,3017187,38916437.28,8418716800.0,8418716800.0
2016-12-26,'002428,云南锗业,12.89,13.03,12.7,13.0,13.0,-0.11,-0.8462,0.8729,5701275,73375749.69,8418716800.0,8418716800.0
2016-12-23,'002428,云南锗业,13.0,13.12,12.85,12.96,12.96,0.04,0.3086,0.9708,6340448,82267911.96,8490560000.0,8490560000.0
2016-12-22,'002428,云南锗业,12.96,13.08,12.87,12.93,12.93,0.03,0.232,0.6402,4181235,54137045.31,8464435200.0,8464435200.0
2016-12-21,'002428,云南锗业,12.93,12.98,12.82,12.82,12.85,0.08,0.6226,0.6236,4072800,52598912.66,8444841600.0,8444841600.0
2016-12-20,'002428,云南锗业,12.85,12.92,12.64,12.76,12.82,0.03,0.234,0.8287,5412646,69290478.63,8392592000.0,8392592000.0
2016-12-19,'002428,云南锗业,12.82,12.91,12.73,12.88,12.79,0.03,0.2346,0.571,3729384,47820652.59,8372998400.0,8372998400.0
2016-12-16,'002428,云南锗业,12.79,12.92,12.71,12.77,12.77,0.02,0.1566,0.7805,5097660,65351140.85,8353404800.0,8353404800.0
2016-12-15,'002428,云南锗业,12.77,12.87,12.67,12.69,12.71,0.06,0.4721,0.897,5858312,74808329.68,8340342400.0,8340342400.0
2016-12-14,'002428,云南锗业,12.71,12.97,12.7,12.94,12.96,-0.25,-1.929,0.8373,5468528,70029720.41,8301155200.0,8301155200.0
2016-12-13,'002428,云南锗业,12.96,13.06,12.58,13.0,13.0,-0.04,-0.3077,1.2959,8463602,108957453.36,8464435200.0,8464435200.0
2016-12-12,'002428,云南锗业,13.0,14.09,12.98,14.09,14.02,-1.02,-7.2753,1.6443,10739152,144977448.76,8490560000.0,8490560000.0
2016-12-09,'002428,云南锗业,14.02,14.19,13.96,14.19,14.11,-0.09,-0.6378,0.7755,5065146,71178210.86,9156742400.0,9156742400.0
2016-12-08,'002428,云南锗业,14.11,14.29,14.09,14.28,14.25,-0.14,-0.9825,0.6695,4372681,61953456.37,9215523200.0,9215523200.0
2016-12-07,'002428,云南锗业,14.25,14.31,14.0,14.04,14.03,0.22,1.5681,0.9549,6236619,88681136.33,9306960000.0,9306960000.0
2016-12-06,'002428,云南锗业,14.03,14.12,13.98,14.08,14.01,0.02,0.1428,0.6089,3976809,55806683.75,9163273600.0,9163273600.0
2016-12-05,'002428,云南锗业,14.01,14.1,13.78,13.9,14.06,-0.05,-0.3556,0.7474,4881343,68379316.31,9150211200.0,9150211200.0
2016-12-02,'002428,云南锗业,14.06,14.44,13.98,14.31,14.3,-0.24,-1.6783,1.2273,8015588,113572181.35,9182867200.0,9182867200.0
2016-12-01,'002428,云南锗业,14.3,14.38,14.17,14.26,14.17,0.13,0.9174,1.0635,6946147,99166414.91,9339616000.0,9339616000.0
2016-11-30,'002428,云南锗业,14.17,14.56,14.1,14.56,14.62,-0.45,-3.078,2.0598,13452994,192601428.38,9254710400.0,9254710400.0
2016-11-29,'002428,云南锗业,14.62,14.95,14.57,14.95,15.06,-0.44,-2.9216,1.6949,11069915,163492430.8,9548614400.0,9548614400.0
2016-11-28,'002428,云南锗业,15.06,15.26,14.76,14.88,14.81,0.25,1.688,2.3963,15650833,234539441.89,9835987200.0,9835987200.0
2016-11-25,'002428,云南锗业,14.81,15.2,14.48,15.2,15.13,-0.32,-2.115,2.2394,14625788,215528735.84,9672707200.0,9672707200.0
2016-11-24,'002428,云南锗业,15.13,15.52,15.06,15.2,15.12,0.01,0.0661,2.5238,16483254,252254022.95,9881705600.0,9881705600.0
2016-11-23,'002428,云南锗业,15.12,15.51,15.08,15.51,15.47,-0.35,-2.2624,1.9984,13052051,199297062.82,9875174400.0,9875174400.0
2016-11-22,'002428,云南锗业,15.47,15.55,15.24,15.4,15.37,0.1,0.6506,2.0319,13270439,204585841.82,10103766400.0,10103766400.0
2016-11-21,'002428,云南锗业,15.37,15.45,15.15,15.19,15.14,0.23,1.5192,1.677,10952675,167854194.69,10038454400.0,10038454400.0
2016-11-18,'002428,云南锗业,15.14,15.4,15.06,15.4,15.34,-0.2,-1.3038,1.5202,9928949,151346574.47,9888236800.0,9888236800.0
2016-11-17,'002428,云南锗业,15.34,15.37,15.13,15.25,15.28,0.06,0.3927,1.4409,9410852,143805123.13,10018860800.0,10018860800.0
2016-11-16,'002428,云南锗业,15.28,15.45,15.19,15.35,15.4,-0.12,-0.7792,1.8641,12174577,186050742.06,9979673600.0,9979673600.0
2016-11-15,'002428,云南锗业,15.4,15.76,15.33,15.65,15.53,-0.13,-0.8371,2.7759,18129641,281531005.99,10058048000.0,10058048000.0
2016-11-14,'002428,云南锗业,15.53,15.68,15.28,15.49,15.9,-0.37,-2.327,4.5554,29752479,460212230.55,10142953600.0,10142953600.0
2016-11-11,'002428,云南锗业,15.9,16.25,15.03,15.06,15.05,0.85,5.6478,7.028,45901197,718662895.19,10384608000.0,10384608000.0
2016-11-10,'002428,云南锗业,15.05,15.47,14.86,14.86,14.65,0.4,2.7304,3.5483,23174401,351021799.67,9829456000.0,9829456000.0
2016-11-09,'002428,云南锗业,14.65,14.9,14.44,14.81,14.75,-0.1,-0.678,1.8746,12243700,179799019.69,9568208000.0,9568208000.0
2016-11-08,'002428,云南锗业,14.75,14.94,14.7,14.93,14.9,-0.15,-1.0067,1.3569,8862119,131229651.75,9633520000.0,9633520000.0
2016-11-07,'002428,云南锗业,14.9,15.04,14.51,14.65,14.67,0.23,1.5678,2.3408,15288073,226946332.47,9731488000.0,9731488000.0
2016-11-04,'002428,云南锗业,14.67,14.89,14.64,14.79,14.77,-0.1,-0.677,1.0948,7150092,105430694.37,9581270400.0,9581270400.0
2016-11-03,'002428,云南锗业,14.77,14.9,14.61,14.65,14.65,0.12,0.8191,0.8802,5748802,84892528.27,9646582400.0,9646582400.0
2016-11-02,'002428,云南锗业,14.65,15.04,14.65,14.9,14.94,-0.29,-1.9411,1.0348,6758635,100541454.41,9568208000.0,9568208000.0
2016-11-01,'002428,云南锗业,14.94,14.97,14.82,14.88,14.88,0.06,0.4032,1.0031,6551415,97623824.81,9757612800.0,9757612800.0
2016-10-31,'002428,云南锗业,14.88,14.92,14.56,14.68,14.76,0.12,0.813,1.2048,7868870,115960080.76,9718425600.0,9718425600.0
2016-10-28,'002428,云南锗业,14.76,14.84,14.69,14.74,14.72,0.04,0.2717,1.2377,8083818,119436590.32,9640051200.0,9640051200.0
2016-10-27,'002428,云南锗业,14.72,14.87,14.52,14.81,14.92,-0.2,-1.3405,1.5294,9989055,146680395.04,9613926400.0,9613926400.0
2016-10-26,'002428,云南锗业,14.92,15.1,14.84,15.1,15.09,-0.17,-1.1266,1.2331,8053570,120317027.2,9744550400.0,9744550400.0
2016-10-25,'002428,云南锗业,15.09,15.12,14.77,14.78,14.77,0.32,2.1666,1.9478,12721493,190117220.65,9855580800.0,9855580800.0
2016-10-24,'002428,云南锗业,14.77,14.87,14.53,14.65,14.65,0.12,0.8191,1.337,8732198,128776719.56,9646582400.0,9646582400.0
2016-10-21,'002428,云南锗业,14.65,14.89,14.55,14.88,14.86,-0.21,-1.4132,1.1908,7777676,114390221.43,9568208000.0,9568208000.0
2016-10-20,'002428,云南锗业,14.86,15.05,14.61,14.77,14.73,0.13,0.8826,1.5624,10204330,150927373.66,9705363200.0,9705363200.0
2016-10-19,'002428,云南锗业,14.73,15.08,14.68,14.76,14.75,-0.02,-0.1356,1.6536,10800231,160437427.29,9620457600.0,9620457600.0
2016-10-18,'002428,云南锗业,14.75,14.8,14.51,14.59,14.59,0.16,1.0966,1.1526,7528134,110694750.04,9633520000.0,9633520000.0
2016-10-17,'002428,云南锗业,14.59,14.75,14.51,14.6,14.66,-0.07,-0.4775,1.0437,6816449,99795571.31,9529020800.0,9529020800.0
2016-10-14,'002428,云南锗业,14.66,14.75,14.5,14.65,14.61,0.05,0.3422,0.76,4964032,72553976.24,9574739200.0,9574739200.0
2016-10-13,'002428,云南锗业,14.61,14.66,14.54,14.61,14.66,-0.05,-0.3411,0.8153,5325045,77772354.91,9542083200.0,9542083200.0
2016-10-12,'002428,云南锗业,14.66,14.67,14.4,14.5,14.6,0.06,0.411,1.2416,8109125,118135625.16,9574739200.0,9574739200.0
2016-10-11,'002428,云南锗业,14.6,14.68,14.48,14.61,14.61,-0.01,-0.0684,1.2457,8135823,118490384.92,9535552000.0,9535552000.0
2016-10-10,'002428,云南锗业,14.61,14.67,14.43,14.43,14.42,0.19,1.3176,0.8231,5375724,78229902.53,9542083200.0,9542083200.0
2016-09-30,'002428,云南锗业,14.42,14.47,14.23,14.3,14.33,0.09,0.6281,0.8915,5822801,83844770.28,9417990400.0,9417990400.0
2016-09-29,'002428,云南锗业,14.33,14.44,14.26,14.3,14.34,-0.01,-0.0697,0.9135,5966322,85573631.41,9359209600.0,9359209600.0
2016-09-28,'002428,云南锗业,14.34,14.36,14.03,14.18,14.14,0.2,1.4144,1.0442,6820118,97077425.16,9365740800.0,9365740800.0
2016-09-27,'002428,云南锗业,14.14,14.14,13.85,13.9,13.84,0.3,2.1676,1.2812,8367856,117043916.54,9235116800.0,9235116800.0
2016-09-26,'002428,云南锗业,13.84,14.25,13.75,14.24,14.22,-0.38,-2.6723,1.1779,7692982,107343953.48,9039180800.0,9039180800.0
2016-09-23,'002428,云南锗业,14.22,14.5,14.21,14.43,14.42,-0.2,-1.387,0.9961,6505739,93226088.31,9287366400.0,9287366400.0
2016-09-22,'002428,云南锗业,14.42,14.6,14.41,14.51,14.42,0.0,0.0,0.7082,4625580,66974500.2,9417990400.0,9417990400.0
2016-09-21,'002428,云南锗业,14.42,14.54,14.4,14.47,14.52,-0.1,-0.6887,1.055,6890364,99628437.44,9417990400.0,9417990400.0
2016-09-20,'002428,云南锗业,14.52,14.6,14.38,14.59,14.59,-0.07,-0.4798,0.9134,5965464,86459032.08,9483302400.0,9483302400.0
2016-09-19,'002428,云南锗业,14.59,14.7,14.34,14.34,14.3,0.29,2.028,1.056,6897144,100329252.16,9529020800.0,9529020800.0
2016-09-14,'002428,云南锗业,14.3,14.4,14.25,14.4,14.46,-0.16,-1.1065,1.116,7288520,104187395.0,9339616000.0,9339616000.0
2016-09-13,'002428,云南锗业,14.46,14.66,14.4,14.6,14.48,-0.02,-0.1381,0.9102,5944868,86247075.18,9444115200.0,9444115200.0
2016-09-12,'002428,云南锗业,14.48,15.15,14.43,15.15,15.41,-0.93,-6.035,2.4957,16299907,241050653.1,9457177600.0,9457177600.0
2016-09-09,'002428,云南锗业,15.41,15.6,15.3,15.37,15.37,0.04,0.2602,1.9831,12951964,200136749.35,10064579200.0,10064579200.0
2016-09-08,'002428,云南锗业,15.37,15.47,15.27,15.4,15.39,-0.02,-0.13,1.1426,7462502,114523036.45,10038454400.0,10038454400.0
2016-09-07,'002428,云南锗业,15.39,15.67,15.35,15.49,15.49,-0.1,-0.6456,1.7307,11303495,175627745.98,10051516800.0,10051516800.0
2016-09-06,'002428,云南锗业,15.49,15.58,15.21,15.41,15.46,0.03,0.194,1.8936,12367435,190554438.16,10116828800.0,10116828800.0
2016-09-05,'002428,云南锗业,15.46,15.7,15.17,15.24,15.14,0.32,2.1136,2.6277,17162060,265512267.51,10097235200.0,10097235200.0
2016-09-02,'002428,云南锗业,15.14,15.22,15.06,15.13,15.13,0.01,0.0661,0.8538,5576111,84465082.83,9888236800.0,9888236800.0
2016-09-01,'002428,云南锗业,15.13,15.33,15.09,15.26,15.23,-0.1,-0.6566,1.0945,7148203,108616167.07,9881705600.0,9881705600.0
2016-08-31,'002428,云南锗业,15.23,15.29,15.05,15.22,15.23,0.0,0.0,1.0315,6737132,102190364.45,9947017600.0,9947017600.0
2016-08-30,'002428,云南锗业,15.23,15.34,15.13,15.2,15.21,0.02,0.1315,1.2781,8347768,126897899.18,9947017600.0,9947017600.0
2016-08-29,'002428,云南锗业,15.21,15.32,15.15,15.32,15.34,-0.13,-0.8475,0.9804,6403300,97346074.95,9933955200.0,9933955200.0
2016-08-26,'002428,云南锗业,15.34,15.48,15.21,15.33,15.26,0.08,0.5242,1.3437,8776105,134751567.72,10018860800.0,10018860800.0
2016-08-25,'002428,云南锗业,15.26,15.45,15.05,15.45,15.42,-0.16,-1.0376,1.0104,6599104,100431996.29,9966611200.0,9966611200.0
2016-08-24,'002428,云南锗业,15.42,15.57,15.31,15.42,15.36,0.06,0.3906,1.1891,7766487,119972535.07,10071110400.0,10071110400.0
2016-08-23,'002428,云南锗业,15.36,15.37,15.15,15.25,15.23,0.13,0.8536,1.0883,7108108,108405290.26,10031923200.0,10031923200.0
2016-08-22,'002428,云南锗业,15.23,15.61,15.2,15.6,15.55,-0.32,-2.0579,1.6754,10942071,168277582.1,9947017600.0,9947017600.0
2016-08-19,'002428,云南锗业,15.55,15.76,15.46,15.76,15.77,-0.22,-1.3951,1.976,12905926,200763164.97,10156016000.0,10156016000.0
2016-08-18,'002428,云南锗业,15.77,15.9,15.5,15.57,15.63,0.14,0.8957,2.5833,16872264,265118847.08,10299702400.0,10299702400.0
2016-08-17,'002428,云南锗业,15.63,15.71,15.5,15.68,15.68,-0.05,-0.3189,1.6104,10517765,164135730.82,10208265600.0,10208265600.0
2016-08-16,'002428,云南锗业,15.68,15.87,15.58,15.7,15.67,0.01,0.0638,2.1293,13907164,218340157.89,10240921600.0,10240921600.0
2016-08-15,'002428,云南锗业,15.67,15.78,15.18,15.36,15.36,0.31,2.0182,2.4738,16157056,251141889.72,10234390400.0,10234390400.0
2016-08-12,'002428,云南锗业,15.36,15.4,15.05,15.2,15.27,0.09,0.5894,1.3853,9047728,137838917.87,10031923200.0,10031923200.0
2016-08-11,'002428,云南锗业,15.27,16.19,15.17,15.53,15.55,-0.28,-1.8006,1.701,11109711,170998187.75,9973142400.0,9973142400.0
2016-08-10,'002428,云南锗业,15.55,15.94,15.43,15.5,15.47,0.08,0.5171,2.583,16870317,264212645.53,10156016000.0,10156016000.0
2016-08-09,'002428,云南锗业,15.47,15.55,15.2,15.35,15.35,0.12,0.7818,1.8319,11964753,183830158.16,10103766400.0,10103766400.0
2016-08-08,'002428,云南锗业,15.35,15.39,14.87,15.09,15.12,0.23,1.5212,1.9723,12881632,195377467.03,10025392000.0,10025392000.0
2016-08-05,'002428,云南锗业,15.12,15.25,15.05,15.2,15.26,-0.14,-0.9174,1.5408,10063292,152210542.54,9875174400.0,9875174400.0
2016-08-04,'002428,云南锗业,15.26,15.26,15.01,15.08,15.14,0.12,0.7926,1.499,9790415,148224695.72,9966611200.0,9966611200.0
2016-08-03,'002428,云南锗业,15.14,15.29,15.04,15.29,15.32,-0.18,-1.1749,1.8558,12120751,183582299.29,9888236800.0,9888236800.0
2016-08-02,'002428,云南锗业,15.32,15.33,15.0,15.09,15.12,0.2,1.3228,1.3333,8707920,132359424.6,10005798400.0,10005798400.0
2016-08-01,'002428,云南锗业,15.12,15.44,14.8,15.13,15.21,-0.09,-0.5917,2.4675,16116011,243799891.34,9875174400.0,9875174400.0
2016-07-29,'002428,云南锗业,15.21,15.63,15.19,15.47,15.7,-0.49,-3.121,3.0741,20077872,307597345.66,9933955200.0,9933955200.0
2016-07-28,'002428,云南锗业,15.7,16.09,15.35,16.09,16.13,-0.43,-2.6658,2.8283,18472139,290611218.07,10253984000.0,10253984000.0
2016-07-27,'002428,云南锗业,16.13,16.96,15.18,16.82,16.86,-0.73,-4.3298,4.3051,28117284,454261077.88,10534825600.0,10534825600.0
2016-07-26,'002428,云南锗业,16.86,16.92,16.44,16.44,16.52,0.34,2.0581,1.8639,12173308,204454282.81,11011603200.0,11011603200.0
2016-07-25,'002428,云南锗业,16.52,16.91,16.4,16.71,16.9,-0.38,-2.2485,2.6423,17257716,287300231.08,10789542400.0,10789542400.0
2016-07-22,'002428,云南锗业,16.9,17.15,16.9,16.98,16.99,-0.09,-0.5297,2.0985,13705478,232934105.88,11037728000.0,11037728000.0
2016-07-21,'002428,云南锗业,16.99,17.25,16.75,17.02,17.0,-0.01,-0.0588,2.9139,19031504,323058378.62,11096508800.0,11096508800.0
2016-07-20,'002428,云南锗业,17.0,17.45,16.98,17.11,16.75,0.25,1.4925,5.659,36960003,637172174.32,11103040000.0,11103040000.0
2016-07-19,'002428,云南锗业,16.75,16.76,16.32,16.6,16.52,0.23,1.3923,3.0569,19965128,330149407.43,10939760000.0,10939760000.0
2016-07-18,'002428,云南锗业,16.52,17.2,16.4,17.15,17.32,-0.8,-4.6189,4.6857,30603546,512497324.35,10789542400.0,10789542400.0
2016-07-15,'002428,云南锗业,17.32,18.12,17.23,18.12,18.02,-0.7,-3.8846,4.7513,31031904,543775178.87,11312038400.0,11312038400.0
2016-07-14,'002428,云南锗业,18.02,18.31,17.88,18.25,18.31,-0.29,-1.5838,2.6173,17094052,308885281.46,11769222400.0,11769222400.0
2016-07-13,'002428,云南锗业,18.31,18.49,17.7,18.0,17.95,0.36,2.0056,4.6766,30543897,555924892.63,11958627200.0,11958627200.0
2016-07-12,'002428,云南锗业,17.95,18.21,17.4,17.8,17.96,-0.01,-0.0557,4.0969,26757497,476234150.83,11723504000.0,11723504000.0
2016-07-11,'002428,云南锗业,17.96,18.6,17.66,17.71,17.85,0.11,0.6162,4.9359,32237565,586829972.53,11730035200.0,11730035200.0
2016-07-08,'002428,云南锗业,17.85,18.51,17.79,18.44,18.8,-0.95,-5.0532,6.1529,40185846,725741534.75,11658192000.0,11658192000.0
2016-07-07,'002428,云南锗业,18.8,19.15,17.89,18.01,18.2,0.6,3.2967,9.3293,60931318,1131395917.48,12278656000.0,12278656000.0
2016-07-06,'002428,云南锗业,18.2,18.64,17.74,17.95,18.05,0.15,0.831,5.7701,37685984,688212115.15,11886784000.0,11886784000.0
2016-07-05,'002428,云南锗业,18.05,18.38,17.78,18.0,18.16,-0.11,-0.6057,4.2681,27876032,503635285.75,11788816000.0,11788816000.0
2016-07-04,'002428,云南锗业,18.16,18.55,17.6,17.72,17.31,0.85,4.9105,6.8753,44904210,815085794.35,11860659200.0,11860659200.0
2016-07-01,'002428,云南锗业,17.31,17.57,16.88,17.18,17.18,0.13,0.7567,3.3778,22061225,380260920.63,11305507200.0,11305507200.0
2016-06-30,'002428,云南锗业,17.18,17.41,16.84,17.15,16.91,0.27,1.5967,4.223,27581581,473044251.19,11220601600.0,11220601600.0
2016-06-29,'002428,云南锗业,16.91,17.67,16.86,17.65,17.51,-0.6,-3.4266,5.5254,36087594,620211307.03,11044259200.0,11044259200.0
2016-06-28,'002428,云南锗业,17.51,18.23,17.43,17.9,17.96,-0.45,-2.5056,3.4565,22575082,399464260.74,11436131200.0,11436131200.0
2016-06-27,'002428,云南锗业,17.96,18.16,17.18,17.3,17.27,0.69,3.9954,3.5426,23137316,407145431.13,11730035200.0,11730035200.0
2016-06-24,'002428,云南锗业,17.27,17.78,16.13,17.5,17.4,-0.13,-0.7471,5.186,33870623,576774186.42,11279382400.0,11279382400.0
2016-06-23,'002428,云南锗业,17.4,18.2,17.28,18.2,18.3,-0.9,-4.918,5.2257,34129862,602181479.77,11364288000.0,11364288000.0
2016-06-22,'002428,云南锗业,18.3,18.48,17.9,17.99,18.26,0.04,0.2191,6.1277,40021148,729791517.06,11952096000.0,11952096000.0
2016-06-21,'002428,云南锗业,18.26,18.27,17.51,17.57,17.27,0.99,5.7325,10.6384,69481639,1249530599.98,11925971200.0,11925971200.0
2016-06-20,'002428,云南锗业,17.27,17.84,16.97,17.25,17.19,0.08,0.4654,6.195,40460519,703354464.23,11279382400.0,11279382400.0
2016-06-17,'002428,云南锗业,17.19,17.38,16.66,16.93,17.05,0.14,0.8211,6.9453,45361396,772678689.63,11227132800.0,11227132800.0
2016-06-16,'002428,云南锗业,17.05,17.67,16.38,16.6,16.24,0.81,4.9877,10.5761,69074409,1181552131.95,11135696000.0,11135696000.0
2016-06-15,'002428,云南锗业,16.24,16.42,14.7,14.75,14.93,1.31,8.7743,6.8624,44819695,718904864.52,10606668800.0,10606668800.0
2016-06-14,'002428,云南锗业,14.93,15.09,14.7,14.78,14.79,0.14,0.9466,1.5894,10380966,154673018.84,9751081600.0,9751081600.0
2016-06-13,'002428,云南锗业,14.79,15.98,14.73,15.52,15.68,-0.89,-5.676,2.8604,18681719,288591704.45,9659644800.0,9659644800.0
2016-06-08,'002428,云南锗业,15.68,16.08,15.67,15.75,15.91,-0.23,-1.4456,3.7978,24803944,393643049.48,10240921600.0,10240921600.0
2016-06-07,'002428,云南锗业,15.91,16.05,14.94,15.4,15.42,0.49,3.1777,4.6127,30126534,468947169.23,10391139200.0,10391139200.0
2016-06-06,'002428,云南锗业,15.42,15.97,15.31,15.58,15.47,-0.05,-0.3232,2.8306,18487044,289261813.42,10071110400.0,10071110400.0
2016-06-03,'002428,云南锗业,15.47,16.15,15.33,15.72,15.68,-0.21,-1.3393,3.7244,24324755,382345367.38,10103766400.0,10103766400.0
2016-06-02,'002428,云南锗业,15.68,15.9,15.02,15.05,15.19,0.49,3.2258,4.0734,26604162,413586329.7,10240921600.0,10240921600.0
2016-06-01,'002428,云南锗业,15.19,15.56,14.74,14.8,14.74,0.45,3.0529,4.0141,26216758,398579592.31,9920892800.0,9920892800.0
2016-05-31,'002428,云南锗业,14.74,14.83,14.18,14.18,14.13,0.61,4.3171,2.8895,18871649,276463157.93,9626988800.0,9626988800.0
2016-05-30,'002428,云南锗业,14.13,14.35,13.9,14.02,14.23,-0.1,-0.7027,1.9204,12542297,177945050.88,9228585600.0,9228585600.0
2016-05-27,'002428,云南锗业,14.23,14.68,13.46,13.56,13.56,0.67,4.941,3.6803,24036528,339175819.26,9293897600.0,9293897600.0
2016-05-26,'002428,云南锗业,13.56,13.69,13.17,13.54,13.62,-0.06,-0.4405,1.5731,10274488,137636330.93,8856307200.0,8856307200.0
2016-05-25,'002428,云南锗业,13.62,14.0,13.56,13.99,13.75,-0.13,-0.9455,1.253,8183559,112612941.21,8895494400.0,8895494400.0
2016-05-24,'002428,云南锗业,13.75,14.0,13.66,13.99,13.99,-0.24,-1.7155,1.248,8151228,112245517.62,8980400000.0,8980400000.0
2016-05-23,'002428,云南锗业,13.99,14.16,13.85,13.95,14.08,-0.09,-0.6392,1.9821,12945288,181271850.4,9137148800.0,9137148800.0
2016-05-20,'002428,云南锗业,14.08,14.1,13.53,13.61,13.78,0.3,2.1771,1.7365,11341186,157188477.74,9195929600.0,9195929600.0
2016-05-19,'002428,云南锗业,13.78,13.85,13.4,13.41,13.39,0.39,2.9126,1.7928,11709370,159838637.87,8999993600.0,8999993600.0
2016-05-18,'002428,云南锗业,13.39,13.85,13.3,13.85,13.96,-0.57,-4.0831,1.8518,12094797,163592394.22,8745276800.0,8745276800.0
2016-05-17,'002428,云南锗业,13.96,14.32,13.95,14.12,14.08,-0.12,-0.8523,1.9657,12838568,181323849.06,9117555200.0,9117555200.0
2016-05-16,'002428,云南锗业,14.08,14.08,13.5,13.58,13.69,0.39,2.8488,1.9862,12971999,179528078.36,9195929600.0,9195929600.0
2016-05-13,'002428,云南锗业,13.69,13.88,13.57,13.7,13.72,-0.03,-0.2187,1.5385,10048436,137906209.99,8941212800.0,8941212800.0
2016-05-12,'002428,云南锗业,13.75,13.76,13.02,13.57,13.68,0.07,0.5117,1.9807,12936308,173518658.45,8980400000.0,8980400000.0
2016-05-11,'002428,云南锗业,13.68,14.17,13.65,13.99,13.9,-0.22,-1.5827,1.6194,10576759,145897764.84,8934681600.0,8934681600.0
2016-05-10,'002428,云南锗业,13.9,14.15,13.78,14.0,14.0,-0.1,-0.7143,1.5641,10215321,142654167.07,9078368000.0,9078368000.0
2016-05-09,'002428,云南锗业,14.0,15.07,13.85,15.07,15.1,-1.1,-7.2848,2.9175,19054942,271490284.0,9143680000.0,9143680000.0
2016-05-06,'002428,云南锗业,15.1,16.28,15.1,16.15,16.15,-1.05,-6.5015,3.4766,22706273,355061240.79,9862112000.0,9862112000.0
2016-05-05,'002428,云南锗业,16.15,16.22,15.66,15.74,15.74,0.41,2.6048,2.5962,16956572,271104482.25,10547888000.0,10547888000.0
2016-05-04,'002428,云南锗业,15.74,15.88,15.65,15.8,15.89,-0.15,-0.944,1.8278,11937566,188223162.64,10280108800.0,10280108800.0
2016-05-03,'002428,云南锗业,15.89,15.94,15.36,15.4,15.39,0.5,3.2489,2.1504,14044525,221464250.65,10378076800.0,10378076800.0
2016-04-29,'002428,云南锗业,15.39,15.58,15.3,15.31,15.4,-0.01,-0.0649,1.3397,8749878,135072124.0,10051516800.0,10051516800.0
2016-04-28,'002428,云南锗业,15.4,15.83,15.11,15.75,15.68,-0.28,-1.7857,2.2766,14868637,228595092.14,10058048000.0,10058048000.0
2016-04-27,'002428,云南锗业,15.68,16.09,15.6,16.04,15.95,-0.27,-1.6928,1.9042,12436697,197305153.4,10240921600.0,10240921600.0
2016-04-26,'002428,云南锗业,15.95,16.09,15.7,15.75,15.77,0.18,1.1414,1.5756,10290660,163745538.76,10417264000.0,10417264000.0
2016-04-25,'002428,云南锗业,15.77,16.1,15.5,16.1,16.14,-0.37,-2.2924,1.8709,12219353,192930249.84,10299702400.0,10299702400.0
2016-04-22,'002428,云南锗业,16.14,16.24,15.84,16.01,16.41,-0.27,-1.6453,2.4757,16169434,259281481.07,10541356800.0,10541356800.0
2016-04-21,'002428,云南锗业,16.41,17.06,15.82,16.1,16.17,0.24,1.4842,4.0844,26676235,441005542.5,10717699200.0,10717699200.0
2016-04-20,'002428,云南锗业,16.17,17.18,15.4,16.98,16.92,-0.75,-4.4326,4.3827,28624024,469631963.44,10560950400.0,10560950400.0
2016-04-19,'002428,云南锗业,16.92,17.27,16.77,17.2,16.97,-0.05,-0.2946,3.3187,21675075,368404756.44,11050790400.0,11050790400.0
2016-04-18,'002428,云南锗业,16.97,17.85,16.97,17.8,17.95,-0.98,-5.4596,4.5291,29580254,509583288.59,11083446400.0,11083446400.0
2016-04-15,'002428,云南锗业,17.95,18.36,17.89,18.2,18.2,-0.25,-1.3736,2.5453,16624129,300789775.61,11723504000.0,11723504000.0
2016-04-14,'002428,云南锗业,18.2,18.5,17.98,18.44,18.47,-0.27,-1.4618,4.0799,26646521,484781267.17,11886784000.0,11886784000.0
2016-04-13,'002428,云南锗业,18.47,18.85,17.76,17.9,17.56,0.91,5.1822,8.1425,53180031,979008115.29,12063126400.0,12063126400.0
2016-04-12,'002428,云南锗业,17.56,18.36,17.34,18.36,18.0,-0.44,-2.4444,3.7287,24353115,430135139.75,11468787200.0,11468787200.0
2016-04-11,'002428,云南锗业,18.0,18.23,17.85,17.87,17.78,0.22,1.2373,4.0841,26674047,480199423.66,11756160000.0,11756160000.0
2016-04-08,'002428,云南锗业,17.78,17.95,17.28,17.43,17.59,0.19,1.0802,4.0696,26579119,469356716.86,11612473600.0,11612473600.0
2016-04-07,'002428,云南锗业,17.59,18.28,17.56,18.25,18.24,-0.65,-3.5636,4.8275,31529385,561723703.39,11488380800.0,11488380800.0
2016-04-06,'002428,云南锗业,18.24,18.86,17.98,18.86,18.62,-0.38,-2.0408,5.72,37358511,684678176.98,11912908800.0,11912908800.0
2016-04-05,'002428,云南锗业,18.62,18.96,17.91,18.96,19.01,-0.39,-2.0516,6.3142,41239456,757526812.33,12161094400.0,12161094400.0
2016-04-01,'002428,云南锗业,19.01,19.46,18.6,18.95,19.2,-0.19,-0.9896,3.1892,20829323,395349892.49,12415811200.0,12415811200.0
2016-03-31,'002428,云南锗业,19.2,20.32,18.82,20.32,20.15,-0.95,-4.7146,6.2008,40498606,789442597.73,12539904000.0,12539904000.0
2016-03-30,'002428,云南锗业,20.15,20.15,19.46,19.71,19.47,0.68,3.4926,5.4259,35437883,701997941.41,13160368000.0,13160368000.0
2016-03-29,'002428,云南锗业,19.47,19.49,18.59,18.95,19.0,0.47,2.4737,3.9596,25861090,495433629.02,12716246400.0,12716246400.0
2016-03-28,'002428,云南锗业,19.0,19.8,18.48,19.47,19.35,-0.35,-1.8088,3.9193,25597870,494516492.34,12409280000.0,12409280000.0
2016-03-25,'002428,云南锗业,19.35,19.48,18.91,19.1,19.1,0.25,1.3089,2.234,14590909,280187648.24,12637872000.0,12637872000.0
2016-03-24,'002428,云南锗业,19.1,19.7,18.9,19.7,19.79,-0.69,-3.4866,4.3805,28609849,549622031.5,12474592000.0,12474592000.0
2016-03-23,'002428,云南锗业,19.79,20.18,19.3,19.88,19.66,0.13,0.6612,4.3623,28491063,563742730.99,12925244800.0,12925244800.0
2016-03-22,'002428,云南锗业,19.66,19.98,19.1,19.25,19.48,0.18,0.924,4.7281,30880033,603510392.02,12840339200.0,12840339200.0
2016-03-21,'002428,云南锗业,19.48,19.75,18.91,19.29,19.13,0.35,1.8296,5.2158,34065447,658838425.42,12722777600.0,12722777600.0
2016-03-18,'002428,云南锗业,19.13,19.38,18.3,18.6,18.47,0.66,3.5734,4.7485,31013622,588833597.41,12494185600.0,12494185600.0
2016-03-17,'002428,云南锗业,18.47,18.5,17.64,17.9,17.62,0.85,4.8241,2.7536,17984259,326337802.57,12063126400.0,12063126400.0
2016-03-16,'002428,云南锗业,17.62,18.41,17.52,18.34,18.25,-0.63,-3.4521,1.7579,11481473,205595973.56,11507974400.0,11507974400.0
2016-03-15,'002428,云南锗业,18.25,18.54,18.01,18.15,18.36,-0.11,-0.5991,2.6395,17238793,315091354.93,11919440000.0,11919440000.0
2016-03-14,'002428,云南锗业,18.36,18.49,17.45,17.75,17.4,0.96,5.5172,3.1885,20824693,374937774.6,11991283200.0,11991283200.0
2016-03-11,'002428,云南锗业,17.4,17.95,17.2,17.25,17.63,-0.23,-1.3046,1.6155,10551354,184126572.61,11364288000.0,11364288000.0
2016-03-10,'002428,云南锗业,17.63,18.2,17.25,17.93,17.72,-0.09,-0.5079,1.9748,12897674,229216395.14,11514505600.0,11514505600.0
2016-03-09,'002428,云南锗业,17.72,18.45,17.5,18.45,18.9,-1.18,-6.2434,2.5116,16403850,293390887.69,11573286400.0,11573286400.0
2016-03-08,'002428,云南锗业,18.9,19.57,18.08,19.5,19.17,-0.27,-1.4085,3.8991,25465671,475774936.13,12343968000.0,12343968000.0
2016-03-07,'002428,云南锗业,19.17,19.17,18.35,18.37,17.95,1.22,6.7967,4.532,29599115,556373719.75,12520310400.0,12520310400.0
2016-03-04,'002428,云南锗业,17.95,18.9,17.6,18.73,18.49,-0.54,-2.9205,3.9183,25590875,469817290.45,11723504000.0,11723504000.0
2016-03-03,'002428,云南锗业,18.49,18.9,17.95,18.1,17.99,0.5,2.7793,4.7051,30729955,568102009.4,12076188800.0,12076188800.0
2016-03-02,'002428,云南锗业,17.99,18.09,16.41,16.78,16.55,1.44,8.7009,3.4338,22426640,387740417.78,11749628800.0,11749628800.0
2016-03-01,'002428,云南锗业,16.55,16.95,16.13,16.35,16.35,0.2,1.2232,2.0324,13274117,219276236.42,10809136000.0,10809136000.0
2016-02-29,'002428,云南锗业,16.35,18.0,15.72,17.25,17.47,-1.12,-6.411,2.7727,18108819,297160974.29,10678512000.0,10678512000.0
2016-02-26,'002428,云南锗业,17.47,17.8,16.95,17.7,17.45,0.02,0.1146,1.8835,12301606,213917127.49,11410006400.0,11410006400.0
2016-02-25,'002428,云南锗业,17.45,19.27,16.96,18.97,18.84,-1.39,-7.3779,3.6938,24124893,432916767.64,11396944000.0,11396944000.0
2016-02-24,'002428,云南锗业,18.84,19.1,18.44,18.71,18.81,0.03,0.1595,1.9556,12772445,239399143.66,12304780800.0,12304780800.0
2016-02-23,'002428,云南锗业,18.81,19.17,18.4,19.17,19.07,-0.26,-1.3634,2.115,13813365,258786542.38,12285187200.0,12285187200.0
2016-02-22,'002428,云南锗业,19.07,19.75,18.78,18.97,18.77,0.3,1.5983,3.0604,19988221,381815862.87,12454998400.0,12454998400.0
2016-02-19,'002428,云南锗业,18.77,18.96,18.2,18.79,18.63,0.14,0.7515,2.1088,13772773,256410381.02,12259062400.0,12259062400.0
2016-02-18,'002428,云南锗业,18.63,19.85,18.62,19.29,18.76,-0.13,-0.693,3.095,20213933,385679318.78,12167625600.0,12167625600.0
2016-02-17,'002428,云南锗业,18.76,18.96,18.29,18.67,18.5,0.26,1.4054,3.5203,22991854,428758869.8,12252531200.0,12252531200.0
2016-02-16,'002428,云南锗业,18.5,19.2,18.0,18.11,18.29,0.21,1.1482,3.9729,25947646,481059381.99,12082720000.0,12082720000.0
2016-02-15,'002428,云南锗业,18.29,18.44,16.3,16.32,16.9,1.39,8.2249,3.1886,20825367,366650624.56,11945564800.0,11945564800.0
2016-02-05,'002428,云南锗业,16.9,17.39,16.7,16.9,16.94,-0.04,-0.2361,2.1293,13907062,237736024.24,11037728000.0,11037728000.0
2016-02-04,'002428,云南锗业,16.94,17.17,16.06,16.17,15.95,0.99,6.2069,2.78,18156882,302772476.45,11063852800.0,11063852800.0
2016-02-03,'002428,云南锗业,15.95,16.29,15.43,15.99,15.98,-0.03,-0.1877,1.4095,9205622,146187728.81,10417264000.0,10417264000.0
2016-02-02,'002428,云南锗业,15.98,16.17,15.21,15.51,15.3,0.68,4.4444,2.0197,13191389,208098787.28,10436857600.0,10436857600.0
2016-02-01,'002428,云南锗业,15.3,16.53,14.8,15.17,15.03,0.27,1.7964,2.3213,15160656,231837275.08,9992736000.0,9992736000.0
2016-01-29,'002428,云南锗业,15.03,15.49,13.66,14.58,15.12,-0.09,-0.5952,3.2402,21162553,308739270.73,9816393600.0,9816393600.0
2016-01-28,'002428,云南锗业,15.12,16.3,15.12,16.1,16.8,-1.68,-10.0,3.0704,20053243,312683901.07,9875174400.0,9875174400.0
2016-01-27,'002428,云南锗业,16.8,18.5,16.37,18.0,18.19,-1.39,-7.6416,4.7644,31117097,522161696.58,10972416000.0,10972416000.0
2016-01-26,'002428,云南锗业,18.19,19.5,17.71,19.23,19.63,-1.44,-7.3357,3.1689,20696801,387435330.88,11880252800.0,11880252800.0
2016-01-25,'002428,云南锗业,19.63,20.1,19.05,19.98,19.51,0.12,0.6151,3.2251,21063649,410995574.07,12820745600.0,12820745600.0
2016-01-22,'002428,云南锗业,19.51,19.77,18.45,19.27,18.94,0.57,3.0095,3.3134,21640471,412759522.39,12742371200.0,12742371200.0
2016-01-21,'002428,云南锗业,18.94,19.96,18.0,18.24,18.45,0.49,2.6558,5.0252,32820873,625543247.32,12370092800.0,12370092800.0
2016-01-20,'002428,云南锗业,18.45,18.98,18.1,18.14,18.42,0.03,0.1629,4.601,30050291,555906966.41,12050064000.0,12050064000.0
2016-01-19,'002428,云南锗业,18.42,18.42,17.11,17.11,17.09,1.33,7.7823,3.2979,21539210,384789539.0,12030470400.0,12030470400.0
2016-01-18,'002428,云南锗业,17.09,17.77,16.5,16.86,17.39,-0.3,-1.7251,2.087,13630343,234727751.81,11161820800.0,11161820800.0
2016-01-15,'002428,云南锗业,17.39,18.3,17.02,17.8,17.97,-0.58,-3.2276,2.9034,18962657,333216214.81,11357756800.0,11357756800.0
2016-01-14,'002428,云南锗业,17.97,17.97,16.48,17.6,18.31,-0.34,-1.8569,4.1924,27381137,468600154.14,11736566400.0,11736566400.0
2016-01-13,'002428,云南锗业,18.31,18.79,18.02,18.24,18.2,0.11,0.6044,3.6241,23669860,437792626.19,11958627200.0,11958627200.0
2016-01-12,'002428,云南锗业,18.2,18.56,17.12,17.93,17.96,0.24,1.3363,2.5692,16779776,302890542.3,11886784000.0,11886784000.0
2016-01-11,'002428,云南锗业,17.96,19.6,16.96,17.85,18.17,-0.21,-1.1558,5.2374,34206754,631426658.25,11730035200.0,11730035200.0
2016-01-08,'002428,云南锗业,18.17,18.21,15.86,16.8,16.55,1.62,9.7885,5.3404,34879266,612341218.42,11867190400.0,11867190400.0
2016-01-07,'002428,云南锗业,16.55,17.93,16.55,17.9,18.39,-1.84,-10.0054,0.6158,4021800,69693067.03,10809136000.0,10809136000.0
2016-01-06,'002428,云南锗业,18.39,18.47,17.33,17.34,17.34,1.05,6.0554,3.9659,25902116,466087966.14,12010876800.0,12010876800.0
2016-01-05,'002428,云南锗业,17.34,17.95,16.6,16.91,18.25,-0.91,-4.9863,4.0067,26168772,452487231.95,11325100800.0,11325100800.0
2016-01-04,'002428,云南锗业,18.25,20.79,18.25,20.2,20.28,-2.03,-10.0099,3.1097,20309924,393179762.41,11919440000.0,11919440000.0
2015-12-31,'002428,云南锗业,20.28,20.33,19.75,19.79,19.87,0.41,2.0634,4.1685,27225143,548025055.16,13245273600.0,13245273600.0
2015-12-30,'002428,云南锗业,19.87,19.94,19.36,19.5,19.48,0.39,2.0021,3.1395,20504751,402691415.31,12977494400.0,12977494400.0
2015-12-29,'002428,云南锗业,19.48,19.79,19.21,19.3,19.4,0.08,0.4124,2.164,14133757,274952241.55,12722777600.0,12722777600.0
2015-12-28,'002428,云南锗业,19.4,20.47,19.3,20.47,20.39,-0.99,-4.8553,3.8447,25110316,497633593.07,12670528000.0,12670528000.0
2015-12-25,'002428,云南锗业,20.39,21.15,19.91,20.13,19.68,0.71,3.6077,4.8301,31546331,644432495.01,13317116800.0,13317116800.0
2015-12-24,'002428,云南锗业,19.68,20.39,19.2,20.18,20.16,-0.48,-2.381,3.3548,21910707,429507349.15,12853401600.0,12853401600.0
2015-12-23,'002428,云南锗业,20.16,20.8,19.7,20.18,20.29,-0.13,-0.6407,4.8665,31783983,639542532.87,13166899200.0,13166899200.0
2015-12-22,'002428,云南锗业,20.29,20.3,19.35,19.58,19.57,0.72,3.6791,6.3864,41710615,830005079.6,13251804800.0,13251804800.0
2015-12-21,'002428,云南锗业,19.57,19.97,19.01,19.52,19.75,-0.18,-0.9114,6.2748,40982179,792230516.42,12781558400.0,12781558400.0
2015-12-18,'002428,云南锗业,19.75,20.09,19.12,19.93,19.9,-0.15,-0.7538,5.6576,36950684,725238689.77,12899120000.0,12899120000.0
2015-12-17,'002428,云南锗业,19.9,20.4,19.22,20.17,19.73,0.17,0.8616,7.0747,46206499,907531569.43,12997088000.0,12997088000.0
2015-12-16,'002428,云南锗业,19.73,20.45,19.4,19.55,19.5,0.23,1.1795,4.2957,28056125,555888911.87,12886057600.0,12886057600.0
2015-12-15,'002428,云南锗业,19.5,19.91,19.05,19.28,19.52,-0.02,-0.1025,3.7958,24791107,482590118.78,12735840000.0,12735840000.0
2015-12-14,'002428,云南锗业,19.52,20.75,18.58,18.6,19.14,0.38,1.9854,5.9782,39044577,769815697.9,12748902400.0,12748902400.0
2015-12-11,'002428,云南锗业,19.14,19.83,17.9,18.0,18.14,1.0,5.5127,6.7365,43997446,837465363.64,12500716800.0,12500716800.0
2015-12-10,'002428,云南锗业,18.14,18.58,17.3,17.55,17.8,0.34,1.9101,5.7376,37473681,674725522.3,11847596800.0,11847596800.0
2015-12-09,'002428,云南锗业,17.8,18.2,16.81,16.9,17.04,0.76,4.4601,5.251,34295107,604697880.99,11625536000.0,11625536000.0
2015-12-08,'002428,云南锗业,17.04,17.3,16.58,17.3,17.52,-0.48,-2.7397,4.0827,26665013,451682192.76,11129164800.0,11129164800.0
2015-12-07,'002428,云南锗业,17.52,18.0,17.3,17.72,17.66,-0.14,-0.7928,3.4074,22254460,393603598.85,11442662400.0,11442662400.0
2015-12-04,'002428,云南锗业,17.66,18.47,17.3,18.07,17.78,-0.12,-0.6749,5.016,32760705,587651816.34,11534099200.0,11534099200.0
2015-12-03,'002428,云南锗业,17.78,17.84,17.06,17.33,17.57,0.21,1.1952,3.9096,25534670,446619438.38,11612473600.0,11612473600.0
2015-12-02,'002428,云南锗业,17.57,17.59,16.16,16.33,16.31,1.26,7.7253,4.6205,30177150,510104828.93,11475318400.0,11475318400.0
2015-12-01,'002428,云南锗业,16.31,17.45,16.08,16.7,16.86,-0.55,-3.2622,3.3818,22087407,371483677.69,10652387200.0,10652387200.0
2015-11-30,'002428,云南锗业,16.86,17.05,15.2,16.2,16.05,0.81,5.0467,4.6523,30385171,492969588.52,11011603200.0,11011603200.0
2015-11-27,'002428,云南锗业,16.05,17.56,16.05,17.45,17.83,-1.78,-9.9832,4.7811,31226064,525502740.03,10482576000.0,10482576000.0
2015-11-26,'002428,云南锗业,17.83,18.75,16.83,17.1,17.05,0.78,4.5748,8.0839,52797574,951913256.73,11645129600.0,11645129600.0
2015-11-25,'002428,云南锗业,17.05,17.59,17.0,17.2,16.9,0.15,0.8876,3.7906,24757061,429059713.65,11135696000.0,11135696000.0
2015-11-24,'002428,云南锗业,16.9,16.99,16.31,16.42,16.73,0.17,1.0161,3.4143,22299217,372928014.04,11037728000.0,11037728000.0
2015-11-23,'002428,云南锗业,16.73,17.69,16.51,17.61,17.8,-1.07,-6.0112,5.3296,34808722,596944593.82,10926697600.0,10926697600.0
2015-11-20,'002428,云南锗业,17.8,18.19,17.19,17.3,17.66,0.14,0.7928,8.627,56344755,998314789.56,11625536000.0,11625536000.0
2015-11-19,'002428,云南锗业,17.66,17.8,16.7,17.3,17.4,0.26,1.4943,9.2562,60454343,1046280433.67,11534099200.0,11534099200.0
2015-11-18,'002428,云南锗业,17.4,18.73,17.13,18.0,17.03,0.37,2.1726,14.3476,93706743,1668805967.87,11364288000.0,11364288000.0
2015-11-17,'002428,云南锗业,17.03,17.03,15.8,16.51,15.48,1.55,10.0129,8.8237,57629573,952473843.9,11122633600.0,11122633600.0
2015-11-16,'002428,云南锗业,15.48,15.48,14.08,14.2,14.07,1.41,10.0213,3.5757,23353476,349539878.71,10110297600.0,10110297600.0
2015-11-13,'002428,云南锗业,14.07,14.75,13.85,14.75,14.93,-0.86,-5.7602,4.4468,29042962,414673604.23,9189398400.0,9189398400.0
2015-11-12,'002428,云南锗业,14.93,15.64,14.81,14.85,14.85,0.08,0.5387,5.6871,37143363,564010856.74,9751081600.0,9751081600.0
2015-11-11,'002428,云南锗业,14.85,15.31,14.7,14.8,15.09,-0.24,-1.5905,5.7383,37477756,560585471.72,9698832000.0,9698832000.0
2015-11-10,'002428,云南锗业,15.09,15.32,13.8,14.12,14.19,0.9,6.3425,8.2428,53835571,780061226.46,9855580800.0,9855580800.0
2015-11-09,'002428,云南锗业,14.19,14.59,13.51,13.8,14.0,0.19,1.3571,5.9351,38763393,545489156.41,9267772800.0,9267772800.0
2015-11-06,'002428,云南锗业,14.0,14.02,13.36,13.58,13.48,0.52,3.8576,5.8649,38304617,528024639.49,9143680000.0,9143680000.0
2015-11-05,'002428,云南锗业,13.48,13.82,12.9,13.06,13.06,0.42,3.2159,6.6106,43175059,583295154.03,8804057600.0,8804057600.0
2015-11-04,'002428,云南锗业,13.06,13.1,12.22,12.3,12.19,0.87,7.137,4.1787,27291647,347556757.93,8529747200.0,8529747200.0
2015-11-03,'002428,云南锗业,12.19,12.4,12.07,12.2,12.2,-0.01,-0.082,2.3283,15206760,186095564.29,7961532800.0,7961532800.0
2015-11-02,'002428,云南锗业,12.2,12.73,12.18,12.5,12.94,-0.74,-5.7187,3.8994,25467873,318348707.61,7968064000.0,7968064000.0
2015-10-30,'002428,云南锗业,12.94,13.27,12.83,13.19,13.39,-0.45,-3.3607,3.6485,23829331,310724827.2,8451372800.0,8451372800.0
2015-10-29,'002428,云南锗业,13.39,13.59,12.85,13.2,13.16,0.23,1.7477,4.8657,31778842,420046192.49,8745276800.0,8745276800.0
2015-10-28,'002428,云南锗业,13.16,13.57,12.84,12.9,13.0,0.16,1.2308,6.291,41087508,542728636.58,8595059200.0,8595059200.0
2015-10-27,'002428,云南锗业,13.0,13.18,12.28,13.0,13.18,-0.18,-1.3657,4.1408,27044660,344138234.97,8490560000.0,8490560000.0
2015-10-26,'002428,云南锗业,13.18,13.44,12.76,13.01,12.82,0.36,2.8081,5.9671,38972613,510074536.01,8608121600.0,8608121600.0
2015-10-23,'002428,云南锗业,12.82,12.85,12.41,12.59,12.56,0.26,2.0701,4.3265,28257498,357261616.93,8372998400.0,8372998400.0
2015-10-22,'002428,云南锗业,12.56,12.67,11.93,12.1,12.2,0.36,2.9508,4.1392,27033822,332122944.13,8203187200.0,8203187200.0
2015-10-21,'002428,云南锗业,12.2,13.05,11.75,13.05,13.06,-0.86,-6.585,5.817,37992207,470334135.22,7968064000.0,7968064000.0
2015-10-20,'002428,云南锗业,13.06,13.15,12.0,12.89,12.82,0.24,1.8721,3.8759,25314218,326333863.9,8529747200.0,8529747200.0
2015-10-19,'002428,云南锗业,12.82,13.25,12.55,13.16,13.2,-0.38,-2.8788,4.2925,28035442,361622580.1,8372998400.0,8372998400.0
2015-10-16,'002428,云南锗业,13.2,13.35,12.73,12.88,12.84,0.36,2.8037,5.7825,37766889,491639248.71,8621184000.0,8621184000.0
2015-10-15,'002428,云南锗业,12.84,12.9,12.25,12.29,12.45,0.39,3.1325,4.2086,27487357,347463736.44,8386060800.0,8386060800.0
2015-10-14,'002428,云南锗业,12.45,12.98,12.41,12.56,12.64,-0.19,-1.5032,4.4184,28857487,366254179.69,8131344000.0,8131344000.0
2015-10-13,'002428,云南锗业,12.64,12.8,12.41,12.5,12.8,-0.16,-1.25,4.4038,28761775,361516952.03,8255436800.0,8255436800.0
2015-10-12,'002428,云南锗业,12.8,13.12,12.05,12.16,12.05,0.75,6.2241,6.7491,44079489,553976250.23,8359936000.0,8359936000.0
2015-10-09,'002428,云南锗业,12.05,12.39,11.4,11.5,11.61,0.44,3.7898,5.9521,38874045,464671926.14,7870096000.0,7870096000.0
2015-10-08,'002428,云南锗业,11.61,11.79,11.22,11.4,10.98,0.63,5.7377,4.7631,31108615,356848879.83,7582723200.0,7582723200.0
2015-09-30,'002428,云南锗业,10.98,11.56,10.75,10.75,10.67,0.31,2.9053,4.7409,30963867,343787774.59,7171257600.0,7171257600.0
2015-09-29,'002428,云南锗业,10.67,10.88,10.47,10.75,11.05,-0.38,-3.4389,2.3984,15664721,167650136.91,6968790400.0,6968790400.0
2015-09-28,'002428,云南锗业,11.05,11.15,10.5,10.6,10.36,0.69,6.6602,3.7012,24173260,262423180.79,7216976000.0,7216976000.0
2015-09-25,'002428,云南锗业,10.36,10.93,10.2,10.66,10.7,-0.34,-3.1776,2.826,18457066,195776311.92,6766323200.0,6766323200.0
2015-09-24,'002428,云南锗业,10.7,10.83,10.51,10.59,10.49,0.21,2.0019,2.3459,15321385,163694591.63,6988384000.0,6988384000.0
2015-09-23,'002428,云南锗业,10.49,10.81,10.46,10.6,10.93,-0.44,-4.0256,2.7793,18152346,192907269.4,6851228800.0,6851228800.0
2015-09-22,'002428,云南锗业,10.93,11.2,10.58,10.72,10.83,0.1,0.9234,3.9419,25745540,280401150.06,7138601600.0,7138601600.0
2015-09-21,'002428,云南锗业,10.83,10.85,10.11,10.17,10.4,0.43,4.1346,3.0506,19923891,208898003.73,7073289600.0,7073289600.0
2015-09-18,'002428,云南锗业,10.4,10.51,10.15,10.49,10.28,0.12,1.1673,2.2544,14723802,152582254.23,6792448000.0,6792448000.0
2015-09-17,'002428,云南锗业,10.28,10.98,10.1,10.24,10.23,0.05,0.4888,4.5937,30002245,317412175.25,6714073600.0,6714073600.0
2015-09-16,'002428,云南锗业,10.23,10.23,9.3,9.51,9.3,0.93,10.0,3.0443,19883195,194100443.92,6681417600.0,6681417600.0
2015-09-15,'002428,云南锗业,9.3,10.19,9.24,9.89,10.27,-0.97,-9.445,3.3017,21564187,209173082.62,6074016000.0,6074016000.0
2015-09-14,'002428,云南锗业,10.27,11.51,10.27,11.5,11.41,-1.14,-9.9912,3.2636,21315118,227889586.75,6707542400.0,6707542400.0
2015-09-11,'002428,云南锗业,11.41,11.63,11.09,11.35,11.4,0.01,0.0877,2.598,16967961,193104910.07,7452099200.0,7452099200.0
2015-09-10,'002428,云南锗业,11.4,11.78,11.35,11.63,11.95,-0.55,-4.6025,2.9449,19233601,223089470.51,7445568000.0,7445568000.0
2015-09-09,'002428,云南锗业,11.95,12.0,11.22,11.29,11.22,0.73,6.5062,4.5323,29601269,343411496.94,7804784000.0,7804784000.0
2015-09-08,'002428,云南锗业,11.22,11.34,10.35,10.69,10.65,0.57,5.3521,2.6417,17253304,186852237.01,7328006400.0,7328006400.0
2015-09-07,'002428,云南锗业,10.65,10.98,10.48,10.48,10.41,0.24,2.3055,2.754,17986902,193321290.23,6955728000.0,6955728000.0
2015-09-02,'002428,云南锗业,10.41,10.71,9.58,9.8,10.29,0.12,1.1662,3.754,24518245,250027890.84,6798979200.0,6798979200.0
2015-09-01,'002428,云南锗业,10.29,11.32,10.27,11.32,11.41,-1.12,-9.816,3.626,23682194,251582179.11,6720604800.0,6720604800.0
2015-08-31,'002428,云南锗业,11.41,12.08,11.36,12.08,12.28,-0.87,-7.0847,4.0334,26342862,306699383.28,7452099200.0,7452099200.0
2015-08-28,'002428,云南锗业,12.28,12.35,11.46,11.48,11.3,0.98,8.6726,5.6843,37125436,436405817.45,8020313600.0,8020313600.0
2015-08-27,'002428,云南锗业,11.3,11.49,10.24,11.31,10.9,0.4,3.6697,4.8301,31546316,346857777.38,7380256000.0,7380256000.0
2015-08-26,'002428,云南锗业,10.9,12.44,10.9,12.16,12.11,-1.21,-9.9917,5.5102,35988200,416997696.79,7119008000.0,7119008000.0
2015-08-25,'002428,云南锗业,12.11,12.46,12.11,12.11,13.46,-1.35,-10.0297,2.7011,17641630,214229084.82,7909283200.0,7909283200.0
2015-08-24,'002428,云南锗业,13.46,14.6,13.46,14.4,14.95,-1.49,-9.9666,2.992,19541540,266669342.67,8790995200.0,8790995200.0
2015-08-21,'002428,云南锗业,14.95,16.19,14.8,15.24,15.9,-0.95,-5.9748,4.0358,26358809,407996826.46,9764144000.0,9764144000.0
2015-08-20,'002428,云南锗业,15.9,17.0,15.6,16.0,16.2,-0.3,-1.8519,4.4983,29379044,486479735.03,10384608000.0,10384608000.0
2015-08-19,'002428,云南锗业,16.2,16.48,14.65,15.0,16.15,0.05,0.3096,5.0762,33153694,513248564.69,10580544000.0,10580544000.0
2015-08-18,'002428,云南锗业,16.15,17.98,16.15,17.98,17.94,-1.79,-9.9777,5.3547,34972371,596588386.43,10547888000.0,10547888000.0
2015-08-17,'002428,云南锗业,17.94,17.97,17.08,17.58,17.43,0.51,2.926,4.7743,31181718,553141092.85,11716972800.0,11716972800.0
2015-08-14,'002428,云南锗业,17.43,18.05,17.36,17.96,17.54,-0.11,-0.6271,5.1224,33455730,592533655.72,11383881600.0,11383881600.0
2015-08-13,'002428,云南锗业,17.54,17.54,16.6,16.71,16.87,0.67,3.9715,4.337,28325946,487171730.93,11455724800.0,11455724800.0
2015-08-12,'002428,云南锗业,16.87,17.7,16.83,17.29,17.66,-0.79,-4.4734,4.9195,32130352,554328465.6,11018134400.0,11018134400.0
2015-08-11,'002428,云南锗业,17.66,18.4,17.45,17.68,17.79,-0.13,-0.7307,6.6089,43164141,771775525.27,11534099200.0,11534099200.0
2015-08-10,'002428,云南锗业,17.79,17.95,16.9,17.36,17.1,0.69,4.0351,6.4231,41950381,731925291.51,11619004800.0,11619004800.0
2015-08-07,'002428,云南锗业,17.1,17.36,16.61,16.69,16.69,0.41,2.4566,4.8958,31975374,546126090.0,11168352000.0,11168352000.0
2015-08-06,'002428,云南锗业,16.69,16.99,15.72,15.85,16.25,0.44,2.7077,5.3394,34872367,573742779.14,10900572800.0,10900572800.0
2015-08-05,'002428,云南锗业,16.25,16.6,15.82,16.34,16.34,-0.09,-0.5508,5.8276,38061276,618831008.45,10613200000.0,10613200000.0
2015-08-04,'002428,云南锗业,16.34,16.34,15.19,15.27,14.85,1.49,10.0337,6.8416,44683632,715195868.47,10671980800.0,10671980800.0
2015-08-03,'002428,云南锗业,14.85,15.21,14.0,15.0,15.28,-0.43,-2.8141,4.3191,28208744,414115735.89,9698832000.0,9698832000.0
2015-07-31,'002428,云南锗业,15.28,15.68,15.09,15.09,15.4,-0.12,-0.7792,4.2149,27528652,419787094.03,9979673600.0,9979673600.0
2015-07-30,'002428,云南锗业,15.4,16.59,15.4,16.2,16.27,-0.87,-5.3473,6.2912,41089013,661161456.35,10058048000.0,10058048000.0
2015-07-29,'002428,云南锗业,16.27,16.31,14.16,15.76,15.34,0.93,6.0626,6.74,44020300,675192173.37,10626262400.0,10626262400.0
2015-07-28,'002428,云南锗业,15.34,16.45,14.79,15.4,16.43,-1.09,-6.6342,9.724,63509400,980021575.15,10018860800.0,10018860800.0
2015-07-27,'002428,云南锗业,16.43,18.6,16.43,17.98,18.25,-1.82,-9.9726,8.5339,55736664,984420195.71,10730761600.0,10730761600.0
2015-07-24,'002428,云南锗业,18.25,19.5,18.1,18.41,18.7,-0.45,-2.4064,12.7321,83155640,1556004101.98,11919440000.0,11919440000.0
2015-07-23,'002428,云南锗业,18.7,19.0,17.82,18.35,18.49,0.21,1.1357,15.7297,102733725,1882704804.61,12213344000.0,12213344000.0
2015-07-22,'002428,云南锗业,18.49,18.49,17.49,17.8,16.81,1.68,9.9941,19.5136,127447079,2313531365.38,12076188800.0,12076188800.0
2015-07-21,'002428,云南锗业,16.81,16.81,16.81,16.81,15.28,1.53,10.0131,0.3991,2606595,43816861.95,10978947200.0,10978947200.0
2015-07-20,'002428,云南锗业,15.28,15.28,15.28,15.28,13.89,1.39,10.0072,0.0736,480673,7344683.44,9979673600.0,9979673600.0
2015-07-17,'002428,云南锗业,0.0,0.0,0.0,0.0,13.89,None,None,0.0,0,0.0,9071836800.0,9071836800.0
2015-07-16,'002428,云南锗业,0.0,0.0,0.0,0.0,13.89,None,None,0.0,0,0.0,9071836800.0,9071836800.0
2015-07-15,'002428,云南锗业,0.0,0.0,0.0,0.0,13.89,None,None,0.0,0,0.0,9071836800.0,9071836800.0
2015-07-14,'002428,云南锗业,0.0,0.0,0.0,0.0,13.89,None,None,0.0,0,0.0,9071836800.0,9071836800.0
2015-07-13,'002428,云南锗业,0.0,0.0,0.0,0.0,13.89,None,None,0.0,0,0.0,9071836800.0,9071836800.0
2015-07-10,'002428,云南锗业,0.0,0.0,0.0,0.0,13.89,None,None,0.0,0,0.0,9071836800.0,9071836800.0
2015-07-09,'002428,云南锗业,0.0,0.0,0.0,0.0,13.89,None,None,0.0,0,0.0,9071836800.0,9071836800.0
2015-07-08,'002428,云南锗业,0.0,0.0,0.0,0.0,13.89,None,None,0.0,0,0.0,9071836800.0,9071836800.0
2015-07-07,'002428,云南锗业,13.89,14.8,13.89,14.8,15.43,-1.54,-9.9806,2.4584,16056100,223601011.76,9071836800.0,9071836800.0
2015-07-06,'002428,云南锗业,15.43,18.8,15.43,18.8,17.14,-1.71,-9.9767,7.8249,51106232,826721371.74,10077641600.0,10077641600.0
2015-07-03,'002428,云南锗业,17.14,18.45,17.14,17.17,19.04,-1.9,-9.979,5.9084,38588735,672125989.0,11194476800.0,11194476800.0
2015-07-02,'002428,云南锗业,19.04,21.09,19.04,20.5,21.16,-2.12,-10.0189,5.0203,32788536,637384742.13,12435404800.0,12435404800.0
2015-07-01,'002428,云南锗业,21.16,23.64,21.16,23.04,23.51,-2.35,-9.9957,5.2244,34121719,766820878.31,13820019200.0,13820019200.0
2015-06-30,'002428,云南锗业,23.51,24.26,20.82,21.8,23.13,0.38,1.6429,6.6567,43476272,969916089.5,15354851200.0,15354851200.0
2015-06-29,'002428,云南锗业,23.13,26.6,23.13,26.24,25.7,-2.57,-10.0,5.4703,35727569,858808538.9,15106665600.0,15106665600.0
2015-06-26,'002428,云南锗业,25.7,27.83,25.7,27.0,28.55,-2.85,-9.9825,6.1825,40378844,1067135954.03,16785184000.0,16785184000.0
2015-06-25,'002428,云南锗业,28.55,30.28,28.1,28.21,29.15,-0.6,-2.0583,9.5264,62218997,1815831637.29,18646576000.0,18646576000.0
2015-06-24,'002428,云南锗业,29.15,29.15,26.21,26.4,26.5,2.65,10.0,10.2142,66710875,1893137353.14,19038448000.0,19038448000.0
2015-06-23,'002428,云南锗业,26.5,28.13,24.23,26.92,26.61,-0.11,-0.4134,5.5504,36250689,960419386.29,17307680000.0,17307680000.0
2015-06-19,'002428,云南锗业,26.61,28.59,25.71,26.3,26.51,0.1,0.3772,6.5518,42791268,1171515188.15,17379523200.0,17379523200.0
2015-06-18,'002428,云南锗业,26.51,28.5,26.36,27.7,27.85,-1.34,-4.8115,4.244,27718334,763830291.0,17314211200.0,17314211200.0
2015-06-17,'002428,云南锗业,27.85,27.85,25.1,25.33,25.32,2.53,9.9921,4.5706,29851710,788394216.14,18189392000.0,18189392000.0
2015-06-16,'002428,云南锗业,25.32,26.66,25.18,26.61,26.99,-1.67,-6.1875,4.0432,26406834,682845606.59,16536998400.0,16536998400.0
2015-06-15,'002428,云南锗业,26.99,28.05,26.88,28.05,28.2,-1.21,-4.2908,4.1134,26865551,738436614.98,17627708800.0,17627708800.0
2015-06-12,'002428,云南锗业,28.2,29.1,27.8,28.86,28.68,-0.48,-1.6736,4.9293,32194552,910743715.14,18417984000.0,18417984000.0
2015-06-11,'002428,云南锗业,28.68,28.77,27.5,27.67,27.65,1.03,3.7251,5.0378,32902993,931860180.43,18731481600.0,18731481600.0
2015-06-10,'002428,云南锗业,27.65,28.28,26.4,27.0,27.6,0.05,0.1812,4.747,31003906,859193939.43,18058768000.0,18058768000.0
2015-06-09,'002428,云南锗业,27.6,28.66,26.81,26.81,27.56,0.04,0.1451,7.192,46972535,1306995592.27,18026112000.0,18026112000.0
2015-06-08,'002428,云南锗业,27.56,30.05,27.5,30.05,28.93,-1.37,-4.7356,10.7375,70128670,2001318388.67,17999987200.0,17999987200.0
2015-06-05,'002428,云南锗业,28.93,28.93,27.62,27.83,26.3,2.63,10.0,5.7414,37498447,1067115593.09,18894761600.0,18894761600.0
2015-06-04,'002428,云南锗业,26.3,26.3,24.32,24.4,23.91,2.39,9.9958,8.842,57748641,1505347742.64,17177056000.0,17177056000.0
2015-06-03,'002428,云南锗业,23.91,24.4,23.3,24.4,24.45,-0.54,-2.2086,4.8525,31692943,757919068.97,15616099200.0,15616099200.0
2015-06-02,'002428,云南锗业,24.45,24.64,23.76,24.27,24.2,0.25,1.0331,5.4113,35342335,855374234.72,15968784000.0,15968784000.0
2015-06-01,'002428,云南锗业,24.23,24.24,22.48,22.9,22.84,1.39,6.0858,4.6812,30573635,720171475.96,15825097600.0,15825097600.0
2015-05-29,'002428,云南锗业,22.84,23.3,21.51,22.5,22.46,0.38,1.6919,4.5899,29977573,677486297.15,14917260800.0,14917260800.0
2015-05-28,'002428,云南锗业,22.46,25.19,21.98,24.35,24.3,-1.84,-7.572,6.0154,39287799,942760167.51,14669075200.0,14669075200.0
2015-05-27,'002428,云南锗业,24.3,24.86,23.02,23.43,23.44,0.86,3.6689,5.7011,37234898,884028431.12,15870816000.0,15870816000.0
2015-05-26,'002428,云南锗业,23.44,23.67,22.82,23.4,23.32,0.12,0.5146,5.4442,35557220,827736227.95,15309132800.0,15309132800.0
2015-05-25,'002428,云南锗业,23.32,23.56,22.02,22.2,22.56,0.76,3.3688,6.1273,40018499,926292294.88,15230758400.0,15230758400.0
2015-05-22,'002428,云南锗业,22.56,22.58,21.63,22.19,21.99,0.57,2.5921,8.4109,54933030,1218660197.26,14734387200.0,14734387200.0
2015-05-21,'002428,云南锗业,21.99,22.04,21.18,21.39,21.59,0.4,1.8527,4.5923,29992994,646844840.04,14362108800.0,14362108800.0
2015-05-20,'002428,云南锗业,21.59,22.78,21.56,21.88,21.7,-0.11,-0.5069,5.7432,37510069,834906083.98,14100860800.0,14100860800.0
2015-05-19,'002428,云南锗业,21.7,21.78,20.66,20.8,20.84,0.86,4.1267,4.5582,29770470,635278160.18,14172704000.0,14172704000.0
2015-05-18,'002428,云南锗业,20.84,21.47,20.71,21.0,21.07,-0.23,-1.0916,3.1231,20397480,430218797.46,13611020800.0,13611020800.0
2015-05-15,'002428,云南锗业,21.07,21.8,20.8,21.49,21.75,-0.68,-3.1264,4.6017,30054823,638266862.09,13761238400.0,13761238400.0
2015-05-14,'002428,云南锗业,21.75,21.95,20.85,21.33,21.55,0.2,0.9281,4.7012,30704165,652498566.79,14205360000.0,14205360000.0
2015-05-13,'002428,云南锗业,21.55,21.8,20.75,21.06,20.98,0.57,2.7169,5.3577,34991988,747445345.03,14074736000.0,14074736000.0
2015-05-12,'002428,云南锗业,20.98,21.16,20.42,20.63,20.62,0.36,1.7459,4.4912,29332794,610443453.11,13702457600.0,13702457600.0
2015-05-11,'002428,云南锗业,20.62,20.83,20.23,20.61,20.04,0.58,2.8942,4.3229,28233546,580350722.49,13467334400.0,13467334400.0
2015-05-08,'002428,云南锗业,20.04,20.07,19.43,19.55,19.3,0.74,3.8342,3.4791,22722761,449123805.81,13088524800.0,13088524800.0
2015-05-07,'002428,云南锗业,19.3,20.21,18.69,18.8,18.8,0.5,2.6596,4.0952,26746617,524235250.64,12605216000.0,12605216000.0
2015-05-06,'002428,云南锗业,18.8,19.47,18.68,19.37,19.16,-0.36,-1.8789,2.785,18189706,348937158.86,12278656000.0,12278656000.0
2015-05-05,'002428,云南锗业,19.16,20.19,19.0,20.02,20.01,-0.85,-4.2479,2.6256,17148343,335658366.51,12513779200.0,12513779200.0
2015-05-04,'002428,云南锗业,20.01,20.25,19.6,19.7,19.87,0.14,0.7046,2.1743,14200946,282984902.98,13068931200.0,13068931200.0
2015-04-30,'002428,云南锗业,19.87,20.9,19.84,20.9,20.08,-0.21,-1.0458,3.0213,19732565,400210504.09,12977494400.0,12977494400.0
2015-04-29,'002428,云南锗业,20.08,20.36,19.21,19.4,19.45,0.63,3.2391,4.0433,26407770,530255080.11,13114649600.0,13114649600.0
2015-04-28,'002428,云南锗业,19.45,20.75,19.11,20.42,20.47,-1.02,-4.9829,5.0503,32984356,654913151.71,12703184000.0,12703184000.0
2015-04-27,'002428,云南锗业,20.47,21.32,20.23,20.64,20.63,-0.16,-0.7756,4.5273,29568420,609515199.23,13369366400.0,13369366400.0
2015-04-24,'002428,云南锗业,20.63,21.08,20.35,21.0,21.17,-0.54,-2.5508,5.1282,33493480,693798778.29,13473865600.0,13473865600.0
2015-04-23,'002428,云南锗业,21.17,21.85,20.35,20.6,20.52,0.65,3.1676,7.168,46815820,987762730.22,13826550400.0,13826550400.0
2015-04-22,'002428,云南锗业,20.52,21.0,20.01,20.01,19.97,0.55,2.7541,4.5884,29967442,615064116.59,13402022400.0,13402022400.0
2015-04-21,'002428,云南锗业,19.97,20.06,19.17,19.43,19.51,0.46,2.3578,3.472,22676515,445851549.96,13042806400.0,13042806400.0
2015-04-20,'002428,云南锗业,19.51,20.96,19.5,20.7,20.7,-1.19,-5.7488,5.8922,38483192,776439082.88,12742371200.0,12742371200.0
2015-04-17,'002428,云南锗业,20.7,21.85,20.7,21.03,20.9,-0.2,-0.9569,4.7822,31233200,660931950.35,13519584000.0,13519584000.0
2015-04-16,'002428,云南锗业,20.9,20.92,19.76,20.18,20.28,0.62,3.0572,4.1894,27362023,559915510.92,13650208000.0,13650208000.0
2015-04-15,'002428,云南锗业,20.28,20.47,19.5,19.88,19.87,0.41,2.0634,4.4304,28935541,580536011.62,13245273600.0,13245273600.0
2015-04-14,'002428,云南锗业,19.87,20.14,19.6,20.14,20.16,-0.29,-1.4385,3.1512,20581409,409037978.99,12977494400.0,12977494400.0
2015-04-13,'002428,云南锗业,20.16,20.5,19.79,20.15,20.05,0.11,0.5486,3.4099,22270547,447634916.65,13166899200.0,13166899200.0
2015-04-10,'002428,云南锗业,20.05,20.2,19.48,19.58,19.78,0.27,1.365,3.1323,20457827,407420338.55,13095056000.0,13095056000.0
2015-04-09,'002428,云南锗业,19.78,20.88,19.3,20.88,20.9,-1.12,-5.3589,5.3184,34735546,688850657.79,12918713600.0,12918713600.0
2015-04-08,'002428,云南锗业,20.9,21.96,20.82,21.32,21.3,-0.4,-1.8779,4.9426,32281245,686930193.01,13650208000.0,13650208000.0
2015-04-07,'002428,云南锗业,21.3,21.48,20.9,21.0,21.01,0.29,1.3803,3.767,24602705,522184136.01,13911456000.0,13911456000.0
2015-04-03,'002428,云南锗业,21.01,21.47,20.76,20.8,21.14,-0.13,-0.6149,4.1156,26880113,566906952.67,13722051200.0,13722051200.0
2015-04-02,'002428,云南锗业,21.14,21.17,20.4,20.8,20.71,0.43,2.0763,4.7579,31074515,646461542.49,13806956800.0,13806956800.0
2015-04-01,'002428,云南锗业,20.71,20.96,20.3,20.46,20.52,0.19,0.9259,3.8521,25158586,518551323.43,13526115200.0,13526115200.0
2015-03-31,'002428,云南锗业,20.52,21.18,19.99,20.49,20.49,0.03,0.1464,5.4949,35888476,737161404.79,13402022400.0,13402022400.0
2015-03-30,'002428,云南锗业,20.49,21.05,20.3,20.77,20.78,-0.29,-1.3956,4.3716,28551578,587542762.07,13382428800.0,13382428800.0
2015-03-27,'002428,云南锗业,20.78,20.98,19.46,19.88,19.46,1.32,6.7831,7.4574,48705867,991258500.99,13571833600.0,13571833600.0
2015-03-26,'002428,云南锗业,19.46,19.46,17.45,17.59,17.69,1.77,10.0057,6.6575,43481199,796115851.06,12709715200.0,12709715200.0
2015-03-25,'002428,云南锗业,17.69,17.94,17.49,17.92,17.92,-0.23,-1.2835,3.2278,21081602,372783506.54,11553692800.0,11553692800.0
2015-03-24,'002428,云南锗业,17.92,18.25,17.26,18.1,18.1,-0.18,-0.9945,4.8416,31621165,562554148.76,11703910400.0,11703910400.0
2015-03-23,'002428,云南锗业,18.1,18.45,17.79,17.79,17.71,0.39,2.2021,4.255,27790356,503897356.77,11821472000.0,11821472000.0
2015-03-20,'002428,云南锗业,17.71,17.92,17.45,17.79,17.73,-0.02,-0.1128,3.4089,22264218,392755651.85,11566755200.0,11566755200.0
2015-03-19,'002428,云南锗业,17.73,18.01,17.43,17.69,17.69,0.04,0.2261,4.4709,29200028,517552890.01,11579817600.0,11579817600.0
2015-03-18,'002428,云南锗业,17.69,18.09,17.12,17.15,17.08,0.61,3.5714,6.2491,40813986,722602559.47,11553692800.0,11553692800.0
2015-03-17,'002428,云南锗业,17.08,17.46,16.83,17.07,17.07,0.01,0.0586,5.2756,34455770,590155737.79,11155289600.0,11155289600.0
2015-03-16,'002428,云南锗业,17.07,17.14,16.26,16.4,16.24,0.83,5.1108,5.1297,33502954,560092606.39,11148758400.0,11148758400.0
2015-03-13,'002428,云南锗业,16.24,16.5,16.07,16.14,16.13,0.11,0.682,2.2618,14772145,240339192.81,10606668800.0,10606668800.0
2015-03-12,'002428,云南锗业,16.13,16.75,16.04,16.51,16.52,-0.39,-2.3608,3.1666,20681872,337365737.83,10534825600.0,10534825600.0
2015-03-11,'002428,云南锗业,16.52,16.82,16.43,16.65,16.66,-0.14,-0.8403,2.2752,14859802,246400410.23,10789542400.0,10789542400.0
2015-03-10,'002428,云南锗业,16.66,16.93,16.22,16.3,16.28,0.38,2.3342,3.6338,23732935,395013792.92,10880979200.0,10880979200.0
2015-03-09,'002428,云南锗业,16.28,16.3,16.0,16.29,16.41,-0.13,-0.7922,2.509,16386611,264817173.47,10632793600.0,10632793600.0
2015-03-06,'002428,云南锗业,16.41,16.78,15.97,16.39,16.39,0.02,0.122,4.7883,31273556,513293714.07,10717699200.0,10717699200.0
2015-03-05,'002428,云南锗业,16.39,16.57,16.25,16.4,16.43,-0.04,-0.2435,2.9193,19066332,313242475.71,10704636800.0,10704636800.0
2015-03-04,'002428,云南锗业,16.43,16.44,16.08,16.19,16.2,0.23,1.4198,3.8251,24982730,406567405.45,10730761600.0,10730761600.0
2015-03-03,'002428,云南锗业,16.2,16.96,15.8,15.98,16.02,0.18,1.1236,6.1435,40124205,655362959.34,10580544000.0,10580544000.0
2015-03-02,'002428,云南锗业,16.02,16.28,15.72,15.85,15.74,0.28,1.7789,4.3289,28273080,452483009.34,10462982400.0,10462982400.0
2015-02-27,'002428,云南锗业,15.74,15.95,15.6,15.85,15.82,-0.08,-0.5057,3.4249,22368861,352174177.58,10280108800.0,10280108800.0
2015-02-26,'002428,云南锗业,15.82,15.86,15.26,15.37,15.37,0.45,2.9278,3.8069,24863601,387528374.59,10332358400.0,10332358400.0
2015-02-25,'002428,云南锗业,15.37,15.48,15.16,15.19,15.2,0.17,1.1184,2.5935,16938463,260271311.41,10038454400.0,10038454400.0
2015-02-17,'002428,云南锗业,15.2,15.38,15.18,15.32,15.3,-0.1,-0.6536,1.9085,12464791,190177431.33,9927424000.0,9927424000.0
2015-02-16,'002428,云南锗业,15.3,15.34,15.13,15.19,15.19,0.11,0.7242,2.506,16366935,249634087.09,9992736000.0,9992736000.0
2015-02-13,'002428,云南锗业,15.19,15.38,14.98,15.02,14.92,0.27,1.8097,2.786,18196216,276813248.19,9920892800.0,9920892800.0
2015-02-12,'002428,云南锗业,14.92,15.14,14.85,14.88,14.85,0.07,0.4714,1.6307,10650326,159778050.8,9744550400.0,9744550400.0
2015-02-11,'002428,云南锗业,14.85,15.12,14.77,14.97,15.04,-0.19,-1.2633,1.8259,11925372,177880689.32,9698832000.0,9698832000.0
2015-02-10,'002428,云南锗业,15.04,15.05,14.48,14.6,14.53,0.51,3.51,1.9138,12499173,185437026.1,9822924800.0,9822924800.0
2015-02-09,'002428,云南锗业,14.53,14.83,14.46,14.7,14.7,-0.17,-1.1565,1.2443,8126639,118457157.69,9489833600.0,9489833600.0
2015-02-06,'002428,云南锗业,14.7,15.22,14.66,15.1,15.08,-0.38,-2.5199,1.9862,12971988,193376875.95,9600864000.0,9600864000.0
2015-02-05,'002428,云南锗业,15.08,15.46,15.01,15.3,15.06,0.02,0.1328,2.7054,17669511,269311121.65,9849049600.0,9849049600.0
2015-02-04,'002428,云南锗业,15.06,15.54,15.06,15.38,15.33,-0.27,-1.7613,2.5573,16702540,255389428.77,9835987200.0,9835987200.0
2015-02-03,'002428,云南锗业,15.33,15.5,15.05,15.24,15.25,0.08,0.5246,3.0588,19977769,305165298.84,10012329600.0,10012329600.0
2015-02-02,'002428,云南锗业,15.25,15.35,14.7,14.82,14.9,0.35,2.349,3.6173,23625184,357992894.9,9960080000.0,9960080000.0
2015-01-30,'002428,云南锗业,14.9,15.04,14.65,14.82,14.78,0.12,0.8119,1.9731,12886965,191058962.11,9731488000.0,9731488000.0
2015-01-29,'002428,云南锗业,14.78,15.1,14.66,14.72,14.89,-0.11,-0.7388,1.9992,13057019,194798058.44,9653113600.0,9653113600.0
2015-01-28,'002428,云南锗业,14.89,15.09,14.82,15.06,15.2,-0.31,-2.0395,2.0761,13559596,202645330.38,9724956800.0,9724956800.0
2015-01-27,'002428,云南锗业,15.2,15.28,14.66,14.8,14.88,0.32,2.1505,4.1575,27153355,407359730.23,9927424000.0,9927424000.0
2015-01-26,'002428,云南锗业,14.88,14.95,14.52,14.65,14.64,0.24,1.6393,1.8892,12338986,183113978.24,9718425600.0,9718425600.0
2015-01-23,'002428,云南锗业,14.64,15.08,14.59,14.98,14.74,-0.1,-0.6784,3.0161,19698778,291709720.45,9561676800.0,9561676800.0
2015-01-22,'002428,云南锗业,14.74,14.98,14.2,14.29,14.29,0.45,3.1491,3.6811,24041832,353828361.84,9626988800.0,9626988800.0
2015-01-21,'002428,云南锗业,14.29,14.45,13.87,13.87,13.85,0.44,3.1769,2.6157,17083567,242232131.45,9333084800.0,9333084800.0
2015-01-20,'002428,云南锗业,13.85,13.92,13.67,13.71,13.6,0.25,1.8382,2.1755,14208408,196034502.64,9045712000.0,9045712000.0
2015-01-19,'002428,云南锗业,13.6,14.4,13.35,14.1,14.6,-1.0,-6.8493,3.0385,19845131,278207487.84,8882432000.0,8882432000.0
2015-01-16,'002428,云南锗业,14.6,14.85,14.35,14.66,14.59,0.01,0.0685,2.0795,13581432,198511060.08,9535552000.0,9535552000.0
2015-01-15,'002428,云南锗业,14.59,14.6,14.32,14.51,14.46,0.13,0.899,1.1521,7524854,109015901.13,9529020800.0,9529020800.0
2015-01-14,'002428,云南锗业,14.46,14.76,14.27,14.48,14.51,-0.05,-0.3446,1.3639,8907692,129190195.47,9444115200.0,9444115200.0
2015-01-13,'002428,云南锗业,14.51,14.62,14.35,14.39,14.35,0.16,1.115,1.4,9143637,132701448.31,9476771200.0,9476771200.0
2015-01-12,'002428,云南锗业,14.35,14.68,14.21,14.5,14.5,-0.15,-1.0345,1.7394,11360396,164238200.54,9372272000.0,9372272000.0
2015-01-09,'002428,云南锗业,14.5,15.08,14.5,14.74,14.85,-0.35,-2.3569,2.1089,13773322,204699156.98,9470240000.0,9470240000.0
2015-01-08,'002428,云南锗业,14.85,15.38,14.78,15.28,15.28,-0.43,-2.8141,2.8487,18605297,278784820.59,9698832000.0,9698832000.0
2015-01-07,'002428,云南锗业,15.28,15.7,15.15,15.27,15.27,0.01,0.0655,3.3637,21968915,339276068.38,9979673600.0,9979673600.0
2015-01-06,'002428,云南锗业,15.27,15.58,14.99,15.38,15.51,-0.24,-1.5474,3.9255,25637980,390338580.42,9973142400.0,9973142400.0
2015-01-05,'002428,云南锗业,15.51,15.73,14.38,14.5,14.51,1.0,6.8918,5.901,38540504,589153994.47,10129891200.0,10129891200.0
2014-12-31,'002428,云南锗业,14.51,14.77,14.25,14.63,14.66,-0.15,-1.0232,2.1192,13840623,200455298.31,9476771200.0,9476771200.0
2014-12-30,'002428,云南锗业,14.66,14.96,14.58,14.77,14.77,-0.11,-0.7448,2.499,16321519,241549221.17,9574739200.0,9574739200.0
2014-12-29,'002428,云南锗业,14.77,14.95,14.56,14.68,14.71,0.06,0.4079,2.6172,17093465,252954429.73,9646582400.0,9646582400.0
2014-12-26,'002428,云南锗业,14.71,14.87,14.51,14.62,14.61,0.1,0.6845,2.9774,19446188,286726174.02,9607395200.0,9607395200.0
2014-12-25,'002428,云南锗业,14.61,14.64,14.34,14.49,14.44,0.17,1.1773,1.5488,10115834,146608132.99,9542083200.0,9542083200.0
2014-12-24,'002428,云南锗业,14.44,14.48,14.18,14.28,14.24,0.2,1.4045,1.8854,12314051,176078173.48,9431052800.0,9431052800.0
2014-12-23,'002428,云南锗业,14.24,14.78,14.2,14.78,14.88,-0.64,-4.3011,2.4928,16281237,235023271.04,9300428800.0,9300428800.0
2014-12-22,'002428,云南锗业,14.88,15.5,14.68,15.12,15.1,-0.22,-1.457,3.2217,21041530,317089336.19,9718425600.0,9718425600.0
2014-12-19,'002428,云南锗业,15.1,15.36,14.47,15.05,15.05,0.05,0.3322,3.6228,23661423,352459158.26,9862112000.0,9862112000.0
2014-12-18,'002428,云南锗业,15.05,15.55,14.94,15.0,15.06,-0.01,-0.0664,3.4173,22319348,341330913.56,9829456000.0,9829456000.0
2014-12-17,'002428,云南锗业,15.06,15.55,14.89,15.53,15.63,-0.57,-3.6468,4.5263,29562391,447551053.09,9835987200.0,9835987200.0
2014-12-16,'002428,云南锗业,15.63,15.76,15.21,15.45,15.55,0.08,0.5145,3.6186,23633477,366245964.63,10208265600.0,10208265600.0
2014-12-15,'002428,云南锗业,15.55,15.61,15.23,15.5,15.55,0.0,0.0,2.5886,16906553,260301511.79,10156016000.0,10156016000.0
2014-12-12,'002428,云南锗业,15.55,15.76,15.25,15.27,15.27,0.28,1.8337,4.0063,26165905,405520144.37,10156016000.0,10156016000.0
2014-12-11,'002428,云南锗业,15.27,15.5,14.88,15.08,15.23,0.04,0.2626,3.5568,23230389,354151109.2,9973142400.0,9973142400.0
2014-12-10,'002428,云南锗业,15.23,15.3,14.7,14.7,14.86,0.37,2.4899,4.6243,30202402,455251639.63,9947017600.0,9947017600.0
2014-12-09,'002428,云南锗业,14.86,16.45,14.61,15.85,15.98,-1.12,-7.0088,7.4377,48577024,770271596.72,9705363200.0,9705363200.0
2014-12-08,'002428,云南锗业,15.98,16.32,15.41,15.55,15.78,0.2,1.2674,5.9,38534359,617763038.87,10436857600.0,10436857600.0
2014-12-05,'002428,云南锗业,15.78,16.43,15.47,16.43,16.56,-0.78,-4.7101,8.0662,52681824,839215193.76,10306233600.0,10306233600.0
2014-12-04,'002428,云南锗业,16.56,16.76,16.05,16.35,16.07,0.49,3.0492,10.6767,69731934,1141808694.19,10815667200.0,10815667200.0
2014-12-03,'002428,云南锗业,16.07,16.07,14.52,14.68,14.61,1.46,9.9932,12.5993,82288365,1287542222.13,10495638400.0,10495638400.0
2014-12-02,'002428,云南锗业,14.61,14.8,14.56,14.6,14.57,0.04,0.2745,4.3289,28272654,414432696.78,9542083200.0,9542083200.0
2014-12-01,'002428,云南锗业,14.57,14.57,14.08,14.18,14.25,0.32,2.2456,4.0409,26391649,379338966.03,9515958400.0,9515958400.0
2014-11-28,'002428,云南锗业,14.25,14.51,14.12,14.5,14.58,-0.33,-2.2634,3.7014,24174390,344550184.72,9306960000.0,9306960000.0
2014-11-27,'002428,云南锗业,14.58,14.78,14.33,14.51,14.51,0.07,0.4824,4.0173,26237989,381556856.29,9522489600.0,9522489600.0
2014-11-26,'002428,云南锗业,14.51,14.76,14.31,14.64,14.64,-0.13,-0.888,4.4997,29388382,427053173.55,9476771200.0,9476771200.0
2014-11-25,'002428,云南锗业,14.64,14.75,14.08,14.15,14.2,0.44,3.0986,6.3366,41385872,597426933.68,9561676800.0,9561676800.0
2014-11-24,'002428,云南锗业,14.2,14.42,13.92,14.15,13.97,0.23,1.6464,4.5809,29918968,424066788.21,9274304000.0,9274304000.0
2014-11-21,'002428,云南锗业,13.97,14.07,13.75,13.89,13.87,0.1,0.721,2.2112,14442084,201042897.36,9124086400.0,9124086400.0
2014-11-20,'002428,云南锗业,13.87,14.05,13.62,13.73,13.74,0.13,0.9461,2.1915,14313100,199469003.89,9058774400.0,9058774400.0
2014-11-19,'002428,云南锗业,13.74,13.96,13.68,13.9,13.91,-0.17,-1.2221,1.5429,10076706,138804307.39,8973868800.0,8973868800.0
2014-11-18,'002428,云南锗业,13.91,14.03,13.8,13.89,13.94,-0.03,-0.2152,2.0658,13492473,187900525.2,9084899200.0,9084899200.0
2014-11-17,'002428,云南锗业,13.94,14.15,13.52,13.7,13.62,0.32,2.3495,3.0717,20061977,278397840.83,9104492800.0,9104492800.0
2014-11-14,'002428,云南锗业,13.62,13.8,13.5,13.8,13.87,-0.25,-1.8025,1.8563,12124186,165608051.37,8895494400.0,8895494400.0
2014-11-13,'002428,云南锗业,13.87,13.97,13.3,13.52,13.52,0.35,2.5888,3.6987,24156648,331011603.26,9058774400.0,9058774400.0
2014-11-12,'002428,云南锗业,13.52,13.53,13.25,13.28,13.35,0.17,1.2734,1.2671,8275392,110939870.43,8830182400.0,8830182400.0
2014-11-11,'002428,云南锗业,13.35,13.67,13.13,13.63,13.6,-0.25,-1.8382,2.3343,15245979,204813235.71,8719152000.0,8719152000.0
2014-11-10,'002428,云南锗业,13.6,13.67,13.32,13.32,13.32,0.28,2.1021,1.7704,11562877,156289499.6,8882432000.0,8882432000.0
2014-11-07,'002428,云南锗业,13.32,13.79,13.3,13.76,13.75,-0.43,-3.1273,2.297,15002413,203355096.49,8699558400.0,8699558400.0
2014-11-06,'002428,云南锗业,13.75,13.75,13.48,13.7,13.69,0.06,0.4383,1.6071,10496433,142857059.49,8980400000.0,8980400000.0
2014-11-05,'002428,云南锗业,13.69,14.13,13.67,14.0,14.04,-0.35,-2.4929,1.553,10142763,140178933.25,8941212800.0,8941212800.0
2014-11-04,'002428,云南锗业,14.04,14.12,13.83,13.87,13.86,0.18,1.2987,2.0455,13359277,186864241.96,9169804800.0,9169804800.0
2014-11-03,'002428,云南锗业,13.86,14.06,13.82,13.94,13.89,-0.03,-0.216,1.6638,10866528,151267908.39,9052243200.0,9052243200.0
2014-10-31,'002428,云南锗业,13.89,13.99,13.61,13.73,13.71,0.18,1.3129,2.3258,15190202,209918181.43,9071836800.0,9071836800.0
2014-10-30,'002428,云南锗业,13.71,13.9,13.65,13.7,13.8,-0.09,-0.6522,1.8214,11896100,163800628.48,8954275200.0,8954275200.0
2014-10-29,'002428,云南锗业,13.8,13.98,13.53,13.66,13.62,0.18,1.3216,2.4528,16019816,220216028.68,9013056000.0,9013056000.0
2014-10-28,'002428,云南锗业,13.62,13.65,13.38,13.43,13.42,0.2,1.4903,1.5503,10125265,137243820.75,8895494400.0,8895494400.0
2014-10-27,'002428,云南锗业,13.42,13.49,13.18,13.2,13.22,0.2,1.5129,1.1272,7362006,98478953.56,8764870400.0,8764870400.0
2014-10-24,'002428,云南锗业,13.22,13.32,13.16,13.18,13.2,0.02,0.1515,0.9465,6181814,81872724.64,8634246400.0,8634246400.0
2014-10-23,'002428,云南锗业,13.2,13.41,13.0,13.33,13.32,-0.12,-0.9009,1.5924,10400042,137088787.82,8621184000.0,8621184000.0
2014-10-22,'002428,云南锗业,13.32,13.64,13.3,13.53,13.5,-0.18,-1.3333,1.2919,8437923,113652250.49,8699558400.0,8699558400.0
2014-10-21,'002428,云南锗业,13.5,13.75,13.44,13.75,13.8,-0.3,-2.1739,1.8011,11763538,159778325.72,8817120000.0,8817120000.0
2014-10-20,'002428,云南锗业,13.8,13.93,13.6,13.7,13.65,0.15,1.0989,1.4735,9623631,132295497.93,9013056000.0,9013056000.0
2014-10-17,'002428,云南锗业,13.65,14.06,13.32,14.0,14.02,-0.37,-2.6391,3.7179,24282401,331411000.72,8915088000.0,8915088000.0
2014-10-16,'002428,云南锗业,14.02,14.61,14.02,14.45,14.61,-0.59,-4.0383,3.3632,21965863,314354807.37,9156742400.0,9156742400.0
2014-10-15,'002428,云南锗业,14.61,14.8,14.33,14.76,14.78,-0.17,-1.1502,2.13,13911561,202368335.94,9542083200.0,9542083200.0
2014-10-14,'002428,云南锗业,14.78,14.97,14.54,14.88,14.85,-0.07,-0.4714,2.952,19280378,284024618.08,9653113600.0,9653113600.0
2014-10-13,'002428,云南锗业,14.85,14.91,14.21,14.25,14.25,0.6,4.2105,5.0792,33173409,484680482.55,9698832000.0,9698832000.0
2014-10-10,'002428,云南锗业,14.25,14.66,14.16,14.59,14.68,-0.43,-2.9292,3.1087,20303345,292522912.64,9306960000.0,9306960000.0
2014-10-09,'002428,云南锗业,14.68,14.8,14.37,14.46,14.43,0.25,1.7325,4.3036,28107970,409820895.9,9587801600.0,9587801600.0
2014-10-08,'002428,云南锗业,14.43,14.44,14.21,14.32,14.32,0.11,0.7682,2.5649,16751674,239886813.23,9424521600.0,9424521600.0
2014-09-30,'002428,云南锗业,14.32,14.43,14.15,14.17,14.14,0.18,1.273,2.7315,17840223,254486469.8,9352678400.0,9352678400.0
2014-09-29,'002428,云南锗业,14.14,14.29,14.1,14.27,14.15,-0.01,-0.0707,2.4581,16054602,227564423.33,9235116800.0,9235116800.0
2014-09-26,'002428,云南锗业,14.15,14.37,14.08,14.18,14.22,-0.07,-0.4923,1.9335,12628341,179446148.48,9241648000.0,9241648000.0
2014-09-25,'002428,云南锗业,14.22,14.45,14.16,14.31,14.27,-0.05,-0.3504,3.3915,22150773,316662815.31,9287366400.0,9287366400.0
2014-09-24,'002428,云南锗业,14.27,14.34,13.98,14.18,14.35,-0.08,-0.5575,4.3215,28224732,400352754.59,9320022400.0,9320022400.0
2014-09-23,'002428,云南锗业,14.35,14.5,14.1,14.23,14.28,0.07,0.4902,2.5403,16591254,236907335.15,9372272000.0,9372272000.0
2014-09-22,'002428,云南锗业,14.28,14.89,14.25,14.8,14.8,-0.52,-3.5135,2.8912,18883271,273179301.9,9326553600.0,9326553600.0
2014-09-19,'002428,云南锗业,14.8,15.04,14.59,14.8,14.8,0.0,0.0,3.1594,20634952,305841748.04,9666176000.0,9666176000.0
2014-09-18,'002428,云南锗业,14.8,14.95,14.57,14.74,14.92,-0.12,-0.8043,2.8332,18504013,273178838.81,9666176000.0,9666176000.0
2014-09-17,'002428,云南锗业,14.92,15.15,14.22,14.24,14.13,0.79,5.5909,6.2614,40894738,604563009.71,9744550400.0,9744550400.0
2014-09-16,'002428,云南锗业,14.13,14.79,14.12,14.55,14.7,-0.57,-3.8776,4.7948,31316034,453830829.82,9228585600.0,9228585600.0
2014-09-15,'002428,云南锗业,14.7,14.94,13.85,13.86,13.94,0.76,5.4519,5.2173,34075427,491872088.1,9600864000.0,9600864000.0
2014-09-12,'002428,云南锗业,13.94,14.0,13.62,13.9,13.9,0.04,0.2878,2.3741,15505718,214282604.96,9104492800.0,9104492800.0
2014-09-11,'002428,云南锗业,13.9,14.31,13.86,14.12,14.13,-0.23,-1.6277,3.0139,19684470,277741947.87,9078368000.0,9078368000.0
2014-09-10,'002428,云南锗业,14.13,14.21,13.86,14.0,14.1,0.03,0.2128,2.6785,17494133,245352581.48,9228585600.0,9228585600.0
2014-09-09,'002428,云南锗业,14.1,14.31,14.06,14.18,14.15,-0.05,-0.3534,2.2656,14797292,209463385.96,9208992000.0,9208992000.0
2014-09-05,'002428,云南锗业,14.15,14.35,13.98,14.29,14.15,0.0,0.0,3.9808,25999136,368314987.92,9241648000.0,9241648000.0
2014-09-04,'002428,云南锗业,14.15,14.25,13.79,13.8,13.83,0.32,2.3138,4.1577,27154754,380327921.21,9241648000.0,9241648000.0
2014-09-03,'002428,云南锗业,13.83,13.97,13.73,13.76,13.81,0.02,0.1448,2.9149,19038116,263637574.67,9032649600.0,9032649600.0
2014-09-02,'002428,云南锗业,13.81,13.89,13.41,13.66,13.66,0.15,1.0981,3.4116,22281606,304079895.79,9019587200.0,9019587200.0
2014-09-01,'002428,云南锗业,13.66,13.7,13.55,13.59,13.59,0.07,0.5151,1.2856,8396210,114453724.36,8921619200.0,8921619200.0
2014-08-29,'002428,云南锗业,13.59,13.59,13.26,13.43,13.41,0.18,1.3423,1.2052,7871282,105868022.05,8875900800.0,8875900800.0
2014-08-28,'002428,云南锗业,13.41,13.68,13.36,13.39,13.41,0.0,0.0,1.5552,10157540,137413882.75,8758339200.0,8758339200.0
2014-08-27,'002428,云南锗业,13.41,13.5,13.28,13.32,13.31,0.1,0.7513,1.0366,6770064,90720395.91,8758339200.0,8758339200.0
2014-08-26,'002428,云南锗业,13.31,13.57,13.21,13.35,13.34,-0.03,-0.2249,1.7313,11307679,151249073.83,8693027200.0,8693027200.0
2014-08-25,'002428,云南锗业,13.34,13.76,13.26,13.72,13.7,-0.36,-2.6277,2.676,17477793,234904683.96,8712620800.0,8712620800.0
2014-08-22,'002428,云南锗业,13.7,13.8,13.64,13.75,13.75,-0.05,-0.3636,1.6929,11056343,151732501.68,8947744000.0,8947744000.0
2014-08-21,'002428,云南锗业,13.75,13.83,13.52,13.67,13.63,0.12,0.8804,1.9138,12499235,171193877.07,8980400000.0,8980400000.0
2014-08-20,'002428,云南锗业,13.63,14.04,13.59,13.95,13.98,-0.35,-2.5036,3.1262,20417558,281189082.26,8902025600.0,8902025600.0
2014-08-19,'002428,云南锗业,13.98,14.18,13.92,14.1,14.05,-0.07,-0.4982,2.0416,13334247,187159608.85,9130617600.0,9130617600.0
2014-08-18,'002428,云南锗业,14.05,14.12,13.94,14.0,13.96,0.09,0.6447,1.8671,12194156,170891732.73,9176336000.0,9176336000.0
2014-08-15,'002428,云南锗业,13.96,14.17,13.83,14.0,14.13,-0.17,-1.2031,2.2516,14705705,205789391.93,9117555200.0,9117555200.0
2014-08-14,'002428,云南锗业,14.13,14.55,14.07,14.5,14.62,-0.49,-3.3516,3.8516,25155772,359422562.1,9228585600.0,9228585600.0
2014-08-13,'002428,云南锗业,14.62,14.63,13.9,14.0,14.02,0.6,4.2796,5.9323,38745093,553766345.82,9548614400.0,9548614400.0
2014-08-12,'002428,云南锗业,14.02,14.09,13.75,13.86,13.87,0.15,1.0815,2.2886,14947344,208273570.79,9156742400.0,9156742400.0
2014-08-11,'002428,云南锗业,13.87,13.96,13.71,13.76,13.74,0.13,0.9461,2.0703,13521705,187746765.04,9058774400.0,9058774400.0
2014-08-08,'002428,云南锗业,13.74,13.87,13.61,13.66,13.68,0.06,0.4386,1.7611,11502148,158035249.05,8973868800.0,8973868800.0
2014-08-07,'002428,云南锗业,13.68,14.13,13.62,14.0,14.15,-0.47,-3.3216,3.426,22375813,309718020.55,8934681600.0,8934681600.0
2014-08-06,'002428,云南锗业,14.15,14.32,13.68,13.88,14.0,0.15,1.0714,3.6911,24107319,338560731.76,9241648000.0,9241648000.0
2014-08-05,'002428,云南锗业,14.0,14.28,13.77,14.17,14.17,-0.17,-1.1997,3.3074,21601330,301930815.29,9143680000.0,9143680000.0
2014-08-04,'002428,云南锗业,14.17,14.21,13.68,13.74,13.67,0.5,3.6576,3.5783,23370513,326343826.25,9254710400.0,9254710400.0
2014-08-01,'002428,云南锗业,13.67,14.14,13.61,14.02,14.21,-0.54,-3.8001,3.7475,24475881,338625155.3,8928150400.0,8928150400.0
2014-07-31,'002428,云南锗业,14.21,14.4,13.87,13.9,13.9,0.31,2.2302,4.3697,28539439,404565036.95,9280835200.0,9280835200.0
2014-07-30,'002428,云南锗业,13.9,14.09,13.77,13.85,14.05,-0.15,-1.0676,3.6864,24076823,334957565.23,9078368000.0,9078368000.0
2014-07-29,'002428,云南锗业,14.05,14.55,13.86,14.01,14.15,-0.1,-0.7067,6.7319,43967319,623964472.15,9176336000.0,9176336000.0
2014-07-28,'002428,云南锗业,14.15,14.35,13.35,13.52,13.42,0.73,5.4396,8.5183,55634469,777421374.38,9241648000.0,9241648000.0
2014-07-25,'002428,云南锗业,13.42,14.02,12.89,12.93,12.99,0.43,3.3102,7.3689,48127773,649559836.9,8764870400.0,8764870400.0
2014-07-24,'002428,云南锗业,12.99,13.09,12.51,12.76,12.8,0.19,1.4844,3.6905,24103443,309712919.81,8484028800.0,8484028800.0
2014-07-23,'002428,云南锗业,12.8,13.25,12.61,12.73,12.72,0.08,0.6289,3.8991,25466091,328637984.05,8359936000.0,8359936000.0
2014-07-22,'002428,云南锗业,12.72,12.84,12.18,12.23,12.23,0.49,4.0065,2.9541,19293940,243306851.88,8307686400.0,8307686400.0
2014-07-21,'002428,云南锗业,12.23,12.82,12.15,12.82,12.77,-0.54,-4.2287,2.3138,15111900,187808242.12,7987657600.0,7987657600.0
2014-07-18,'002428,云南锗业,12.77,12.86,12.51,12.56,12.6,0.17,1.3492,2.2411,14637014,186164465.81,8340342400.0,8340342400.0
2014-07-17,'002428,云南锗业,12.6,12.83,12.41,12.5,12.45,0.15,1.2048,1.9194,12536021,158386005.38,8229312000.0,8229312000.0
2014-07-16,'002428,云南锗业,12.45,12.9,12.43,12.63,12.74,-0.29,-2.2763,2.1033,13737273,173717569.42,8131344000.0,8131344000.0
2014-07-15,'002428,云南锗业,12.74,13.13,12.62,12.95,12.81,-0.07,-0.5464,2.6827,17521554,224792183.02,8320748800.0,8320748800.0
2014-07-14,'002428,云南锗业,12.81,12.94,12.45,12.6,12.48,0.33,2.6442,3.1141,20338929,259452667.83,8366467200.0,8366467200.0
2014-07-11,'002428,云南锗业,12.48,12.67,12.23,12.25,12.29,0.19,1.546,2.2999,15021273,187810820.2,8150937600.0,8150937600.0
2014-07-10,'002428,云南锗业,12.29,12.44,12.07,12.13,12.16,0.13,1.0691,1.6842,10999814,135449497.84,8026844800.0,8026844800.0
2014-07-09,'002428,云南锗业,12.16,12.54,12.15,12.28,12.31,-0.15,-1.2185,2.1796,14235460,175987630.53,7941939200.0,7941939200.0
2014-07-08,'002428,云南锗业,12.31,12.33,12.12,12.14,12.15,0.16,1.3169,1.2031,7857811,96312786.09,8039907200.0,8039907200.0
2014-07-07,'002428,云南锗业,12.15,12.34,12.09,12.22,12.21,-0.06,-0.4914,1.0801,7054643,85982091.85,7935408000.0,7935408000.0
2014-07-04,'002428,云南锗业,12.21,12.48,12.2,12.39,12.42,-0.21,-1.6908,1.4465,9447209,116041898.25,7974595200.0,7974595200.0
2014-07-03,'002428,云南锗业,12.42,12.76,12.37,12.5,12.3,0.12,0.9756,2.2278,14550062,181725208.52,8111750400.0,8111750400.0
2014-07-02,'002428,云南锗业,12.3,12.37,12.12,12.29,12.33,-0.03,-0.2433,1.7144,11197124,136909929.44,8033376000.0,8033376000.0
2014-07-01,'002428,云南锗业,12.33,12.67,12.13,12.15,12.13,0.2,1.6488,2.8502,18615511,231263632.38,8052969600.0,8052969600.0
2014-06-30,'002428,云南锗业,12.13,12.19,11.86,12.0,11.98,0.15,1.2521,1.5857,10356709,125105585.97,7922345600.0,7922345600.0
2014-06-27,'002428,云南锗业,11.98,12.14,11.9,12.0,12.02,-0.04,-0.3328,1.5473,10105955,121500628.14,7824377600.0,7824377600.0
2014-06-26,'002428,云南锗业,12.02,12.23,11.95,11.95,11.95,0.07,0.5858,1.8512,12090294,146125127.86,7850502400.0,7850502400.0
2014-06-25,'002428,云南锗业,11.95,12.25,11.89,12.2,12.31,-0.36,-2.9245,1.8386,12008179,144328919.56,7804784000.0,7804784000.0
2014-06-24,'002428,云南锗业,12.31,12.49,12.1,12.26,12.38,-0.07,-0.5654,2.8756,18781222,230749897.63,8039907200.0,8039907200.0
2014-06-23,'002428,云南锗业,12.38,12.69,11.87,11.92,11.98,0.4,3.3389,4.1677,27220160,334866092.07,8085625600.0,8085625600.0
2014-06-20,'002428,云南锗业,11.98,12.26,11.69,11.72,11.68,0.3,2.5685,2.693,17588520,211373438.47,7824377600.0,7824377600.0
2014-06-19,'002428,云南锗业,11.68,12.18,11.55,11.87,12.0,-0.32,-2.6667,2.9181,19059005,226332643.36,7628441600.0,7628441600.0
2014-06-18,'002428,云南锗业,12.0,12.18,11.39,11.51,11.54,0.46,3.9861,3.2498,21224854,251144737.17,7837440000.0,7837440000.0
2014-06-17,'002428,云南锗业,11.54,11.87,11.51,11.62,11.66,-0.12,-1.0292,1.4323,9354885,109371006.45,7537004800.0,7537004800.0
2014-06-16,'002428,云南锗业,11.66,11.72,11.57,11.65,11.66,0.0,0.0,1.1818,7718346,89880990.04,7615379200.0,7615379200.0
2014-06-13,'002428,云南锗业,11.66,11.75,11.42,11.49,11.56,0.1,0.8651,1.7664,11537037,134395313.93,7615379200.0,7615379200.0
2014-06-12,'002428,云南锗业,11.56,11.78,11.3,11.39,11.44,0.12,1.049,2.0368,13303064,153557850.53,7550067200.0,7550067200.0
2014-06-11,'002428,云南锗业,11.44,11.54,11.23,11.3,11.34,0.1,0.8818,1.1598,7574648,86507708.8,7471692800.0,7471692800.0
2014-06-10,'002428,云南锗业,11.34,11.45,11.1,11.36,11.34,0.0,0.0,0.9878,6451369,72797675.71,7406380800.0,7406380800.0
2014-06-09,'002428,云南锗业,11.34,11.6,11.31,11.42,11.43,-0.09,-0.7874,0.7107,4641932,53134598.16,7406380800.0,7406380800.0
2014-06-06,'002428,云南锗业,11.43,11.56,11.34,11.45,11.42,0.01,0.0876,0.8461,5526272,63341234.8,7465161600.0,7465161600.0
2014-06-05,'002428,云南锗业,11.42,11.48,11.28,11.33,11.33,0.09,0.7944,0.7153,4671966,53236841.6,7458630400.0,7458630400.0
2014-06-04,'002428,云南锗业,11.33,11.66,11.26,11.66,11.7,-0.37,-3.1624,1.391,9085091,103738015.92,7399849600.0,7399849600.0
2014-06-03,'002428,云南锗业,11.7,11.99,11.51,11.52,11.54,0.16,1.3865,2.296,14995836,176549723.5,7641504000.0,7641504000.0
2014-05-30,'002428,云南锗业,11.54,11.72,11.33,11.35,11.35,0.19,1.674,1.7388,11356570,131443101.04,7537004800.0,7537004800.0
2014-05-29,'002428,云南锗业,11.35,11.56,11.35,11.48,11.51,-0.16,-1.3901,0.8999,5877570,67243725.78,7412912000.0,7412912000.0
2014-05-28,'002428,云南锗业,11.51,11.52,11.31,11.38,11.4,0.11,0.9649,1.1587,7567789,86411496.86,7517411200.0,7517411200.0
2014-05-27,'002428,云南锗业,11.4,11.6,11.4,11.58,11.6,-0.2,-1.7241,0.878,5734577,65816029.42,7445568000.0,7445568000.0
2014-05-26,'002428,云南锗业,11.6,11.61,11.39,11.39,11.4,0.2,1.7544,1.037,6772752,78085940.47,7576192000.0,7576192000.0
2014-05-23,'002428,云南锗业,11.4,11.51,11.29,11.42,11.43,-0.03,-0.2625,0.8553,5586125,63559724.78,7445568000.0,7445568000.0
2014-05-22,'002428,云南锗业,11.43,11.69,11.37,11.55,11.63,-0.2,-1.7197,0.9701,6336211,73181633.18,7465161600.0,7465161600.0
2014-05-21,'002428,云南锗业,11.63,11.66,11.23,11.35,11.45,0.18,1.5721,1.2548,8195614,94468177.72,7595785600.0,7595785600.0
2014-05-20,'002428,云南锗业,11.45,11.77,11.3,11.72,11.58,-0.13,-1.1226,1.2923,8440010,97083483.71,7478224000.0,7478224000.0
2014-05-19,'002428,云南锗业,11.58,11.67,11.34,11.55,11.56,0.02,0.173,1.1855,7742502,88903914.91,7563129600.0,7563129600.0
2014-05-16,'002428,云南锗业,11.56,11.86,11.39,11.85,11.78,-0.22,-1.8676,1.5584,10178153,118157673.31,7550067200.0,7550067200.0
2014-05-15,'002428,云南锗业,11.78,11.9,11.61,11.75,11.91,-0.13,-1.0915,1.8929,12362792,145102263.5,7693753600.0,7693753600.0
2014-05-14,'002428,云南锗业,11.91,12.18,11.8,12.09,12.18,-0.27,-2.2167,2.3836,15567487,186184946.5,7778659200.0,7778659200.0
2014-05-13,'002428,云南锗业,12.18,12.93,12.01,12.93,12.94,-0.76,-5.8733,5.9063,38575134,478520017.58,7955001600.0,7955001600.0
2014-05-12,'002428,云南锗业,12.94,12.94,11.7,11.79,11.76,1.18,10.034,5.6095,36636955,461922296.41,8451372800.0,8451372800.0
2014-05-09,'002428,云南锗业,11.76,12.25,11.23,11.25,11.21,0.55,4.9063,2.5776,16834736,198096472.5,7680691200.0,7680691200.0
2014-05-08,'002428,云南锗业,11.21,11.39,11.19,11.22,11.27,-0.06,-0.5324,0.9683,6324242,71455123.57,7321475200.0,7321475200.0
2014-05-07,'002428,云南锗业,11.27,11.44,10.93,11.01,11.1,0.17,1.5315,1.2593,8224821,92212936.22,7360662400.0,7360662400.0
2014-05-06,'002428,云南锗业,11.1,11.46,10.99,11.12,11.17,-0.07,-0.6267,1.1146,7279850,81118795.94,7249632000.0,7249632000.0
2014-05-05,'002428,云南锗业,11.17,11.17,10.8,10.86,10.8,0.37,3.4259,0.8267,5399340,59507783.49,7295350400.0,7295350400.0
2014-04-30,'002428,云南锗业,10.8,10.9,10.75,10.84,10.88,-0.08,-0.7353,0.8341,5447447,58899793.68,7053696000.0,7053696000.0
2014-04-29,'002428,云南锗业,10.94,10.97,10.73,10.75,10.75,0.19,1.7674,0.6271,4095803,44483165.97,7145132800.0,7145132800.0
2014-04-28,'002428,云南锗业,10.75,11.32,10.72,11.22,11.35,-0.6,-5.2863,1.1237,7338847,80973275.32,7021040000.0,7021040000.0
2014-04-25,'002428,云南锗业,11.35,11.68,11.33,11.6,11.61,-0.26,-2.2394,0.8123,5305253,61048724.46,7412912000.0,7412912000.0
2014-04-24,'002428,云南锗业,11.61,11.84,11.6,11.8,11.83,-0.22,-1.8597,0.6999,4571120,53493460.87,7582723200.0,7582723200.0
2014-04-23,'002428,云南锗业,11.83,12.02,11.71,12.0,12.03,-0.2,-1.6625,1.0089,6589346,78176079.49,7726409600.0,7726409600.0
2014-04-22,'002428,云南锗业,12.03,12.03,11.7,11.9,11.9,0.13,1.0924,0.9732,6355929,75377688.18,7857033600.0,7857033600.0
2014-04-21,'002428,云南锗业,11.9,12.33,11.82,12.32,12.36,-0.46,-3.7217,1.5552,10157538,122836884.15,7772128000.0,7772128000.0
2014-04-18,'002428,云南锗业,12.36,12.46,12.27,12.33,12.33,0.03,0.2433,0.5296,3458926,42825077.92,8072563200.0,8072563200.0
2014-04-17,'002428,云南锗业,12.33,12.38,12.28,12.31,12.29,0.04,0.3255,0.6487,4236905,52235956.55,8052969600.0,8052969600.0
2014-04-16,'002428,云南锗业,12.29,12.41,12.2,12.28,12.33,-0.04,-0.3244,0.8119,5302848,65181903.17,8026844800.0,8026844800.0
2014-04-15,'002428,云南锗业,12.33,12.6,12.31,12.55,12.55,-0.22,-1.753,1.1387,7437299,92079709.0,8052969600.0,8052969600.0
2014-04-14,'002428,云南锗业,12.55,12.66,12.39,12.41,12.46,0.09,0.7223,0.8285,5410967,67892743.09,8196656000.0,8196656000.0
2014-04-11,'002428,云南锗业,12.46,12.63,12.38,12.61,12.69,-0.23,-1.8125,1.3234,8643594,108047155.87,8137875200.0,8137875200.0
2014-04-10,'002428,云南锗业,12.69,12.8,12.5,12.71,12.64,0.05,0.3956,1.5981,10437663,131596184.23,8288092800.0,8288092800.0
2014-04-09,'002428,云南锗业,12.64,12.94,12.59,12.72,12.73,-0.09,-0.707,1.3809,9018775,114604262.2,8255436800.0,8255436800.0
2014-04-08,'002428,云南锗业,12.73,12.84,12.38,12.46,12.59,0.14,1.112,1.6001,10450502,132359167.37,8314217600.0,8314217600.0
2014-04-04,'002428,云南锗业,12.59,12.66,12.26,12.27,12.33,0.26,2.1087,0.9613,6278653,78479768.47,8222780800.0,8222780800.0
2014-04-03,'002428,云南锗业,12.33,12.48,12.26,12.4,12.36,-0.03,-0.2427,0.6264,4090870,50553019.88,8052969600.0,8052969600.0
2014-04-02,'002428,云南锗业,12.36,12.49,12.29,12.33,12.36,0.0,0.0,0.5241,3422739,42370145.48,8072563200.0,8072563200.0
2014-04-01,'002428,云南锗业,12.36,12.39,12.16,12.16,12.22,0.14,1.1457,0.4976,3249957,40046824.71,8072563200.0,8072563200.0
2014-03-31,'002428,云南锗业,12.22,12.53,12.21,12.38,12.41,-0.19,-1.531,0.6546,4275118,52792121.88,7981126400.0,7981126400.0
2014-03-28,'002428,云南锗业,12.41,12.62,12.34,12.39,12.49,-0.08,-0.6405,0.8631,5637226,70342647.98,8105219200.0,8105219200.0
2014-03-27,'002428,云南锗业,12.49,12.8,12.47,12.69,12.86,-0.37,-2.8771,1.0693,6983681,87881850.08,8157468800.0,8157468800.0
2014-03-26,'002428,云南锗业,12.86,12.97,12.7,12.81,12.88,-0.02,-0.1553,0.9094,5939536,76340692.37,8399123200.0,8399123200.0
2014-03-25,'002428,云南锗业,12.88,13.15,12.54,12.57,12.63,0.25,1.9794,1.5162,9902689,127349040.36,8412185600.0,8412185600.0
2014-03-24,'002428,云南锗业,12.63,12.89,12.5,12.5,12.45,0.18,1.4458,1.1807,7711271,97787115.75,8248905600.0,8248905600.0
2014-03-21,'002428,云南锗业,12.45,12.48,11.81,12.0,12.08,0.37,3.0629,1.2174,7951028,96640378.47,8131344000.0,8131344000.0
2014-03-20,'002428,云南锗业,12.08,12.57,12.08,12.38,12.47,-0.39,-3.1275,0.9126,5960351,73381235.04,7889689600.0,7889689600.0
2014-03-19,'002428,云南锗业,12.47,12.65,12.33,12.61,12.7,-0.23,-1.811,0.8563,5592400,69610351.37,8144406400.0,8144406400.0
2014-03-18,'002428,云南锗业,12.7,12.79,12.62,12.71,12.7,0.0,0.0,0.8582,5605044,71212685.18,8294624000.0,8294624000.0
2014-03-17,'002428,云南锗业,12.7,12.72,12.5,12.58,12.5,0.2,1.6,0.6844,4469955,56602182.52,8294624000.0,8294624000.0
2014-03-14,'002428,云南锗业,12.5,12.68,12.38,12.63,12.67,-0.17,-1.3418,0.6638,4335121,54394482.36,8164000000.0,8164000000.0
2014-03-13,'002428,云南锗业,12.67,12.73,12.51,12.6,12.65,0.02,0.1581,0.8191,5349956,67612524.4,8275030400.0,8275030400.0
2014-03-12,'002428,云南锗业,12.65,12.88,12.18,12.47,12.47,0.18,1.4435,1.3431,8772062,109464972.77,8261968000.0,8261968000.0
2014-03-11,'002428,云南锗业,12.47,12.75,12.35,12.6,12.66,-0.19,-1.5008,1.239,8091949,101413855.01,8144406400.0,8144406400.0
2014-03-10,'002428,云南锗业,12.66,13.23,12.66,13.23,13.44,-0.78,-5.8036,1.4382,9392999,121847281.53,8268499200.0,8268499200.0
2014-03-07,'002428,云南锗业,13.44,13.6,13.03,13.08,13.06,0.38,2.9096,2.0916,13660915,183195182.04,8777932800.0,8777932800.0
2014-03-06,'002428,云南锗业,13.06,13.25,12.89,13.2,13.25,-0.19,-1.434,1.1387,7437091,96816321.07,8529747200.0,8529747200.0
2014-03-05,'002428,云南锗业,13.25,13.51,13.18,13.41,13.51,-0.26,-1.9245,1.4345,9369090,125108102.56,8653840000.0,8653840000.0
2014-03-04,'002428,云南锗业,13.51,13.72,12.87,13.0,13.08,0.43,3.2875,2.8596,18676513,249719603.51,8823651200.0,8823651200.0
2014-03-03,'002428,云南锗业,13.08,13.09,12.68,12.85,12.85,0.23,1.7899,1.339,8745143,113150088.4,8542809600.0,8542809600.0
2014-02-28,'002428,云南锗业,12.85,12.89,12.42,12.68,12.67,0.18,1.4207,1.402,9157017,115687765.58,8392592000.0,8392592000.0
2014-02-27,'002428,云南锗业,12.67,13.19,12.6,13.08,13.13,-0.46,-3.5034,1.7831,11645955,150679501.5,8275030400.0,8275030400.0
2014-02-26,'002428,云南锗业,13.13,13.2,12.68,12.97,12.97,0.16,1.2336,1.6041,10476821,136197338.78,8575465600.0,8575465600.0
2014-02-25,'002428,云南锗业,12.97,13.68,12.8,13.55,13.53,-0.56,-4.139,2.1127,13798318,183928481.72,8470966400.0,8470966400.0
2014-02-24,'002428,云南锗业,13.53,13.9,13.34,13.78,13.92,-0.39,-2.8017,1.8288,11944064,161768205.94,8836713600.0,8836713600.0
2014-02-21,'002428,云南锗业,13.92,14.19,13.78,13.81,13.82,0.1,0.7236,1.845,12049947,168463117.27,9091430400.0,9091430400.0
2014-02-20,'002428,云南锗业,13.82,14.33,13.78,14.2,14.24,-0.42,-2.9494,2.3457,15320121,216206942.16,9026118400.0,9026118400.0
2014-02-19,'002428,云南锗业,14.24,14.5,14.19,14.21,14.2,0.04,0.2817,1.903,12428624,178052308.4,9300428800.0,9300428800.0
2014-02-18,'002428,云南锗业,14.2,14.75,14.16,14.7,14.62,-0.42,-2.8728,2.9067,18984423,271564516.25,9274304000.0,9274304000.0
2014-02-17,'002428,云南锗业,14.62,14.88,14.5,14.83,14.63,-0.01,-0.0684,2.4428,15954575,233341929.7,9548614400.0,9548614400.0
2014-02-14,'002428,云南锗业,14.63,14.69,14.23,14.5,14.52,0.11,0.7576,2.3629,15432559,223334160.91,9555145600.0,9555145600.0
2014-02-13,'002428,云南锗业,14.52,14.99,14.43,14.54,14.54,-0.02,-0.1376,3.5777,23366552,344764271.69,9483302400.0,9483302400.0
2014-02-12,'002428,云南锗业,14.54,14.71,14.37,14.64,14.66,-0.12,-0.8186,2.3929,15628268,226960024.14,9496364800.0,9496364800.0
2014-02-11,'002428,云南锗业,14.66,14.85,14.22,14.5,14.46,0.2,1.3831,3.5949,23478817,341751198.9,9574739200.0,9574739200.0
2014-02-10,'002428,云南锗业,14.46,14.67,13.92,13.95,13.95,0.51,3.6559,3.1417,20519117,295392732.72,9444115200.0,9444115200.0
2014-02-07,'002428,云南锗业,13.95,13.96,13.4,13.62,13.69,0.26,1.8992,1.5393,10053373,138369983.55,9111024000.0,9111024000.0
2014-01-30,'002428,云南锗业,13.69,14.16,13.66,14.09,14.11,-0.42,-2.9766,1.4596,9532876,132237318.36,8941212800.0,8941212800.0
2014-01-29,'002428,云南锗业,14.11,14.38,14.06,14.1,14.02,0.09,0.6419,2.0533,13410659,190534390.71,9215523200.0,9215523200.0
2014-01-28,'002428,云南锗业,14.02,14.05,13.82,13.89,13.88,0.14,1.0086,1.2347,8063887,112261441.41,9156742400.0,9156742400.0
2014-01-27,'002428,云南锗业,13.88,14.14,13.78,13.83,13.97,-0.09,-0.6442,1.775,11592698,161966153.18,9065305600.0,9065305600.0
2014-01-24,'002428,云南锗业,13.97,14.27,13.78,13.81,13.83,0.14,1.0123,2.6993,17629990,248333148.65,9124086400.0,9124086400.0
2014-01-23,'002428,云南锗业,13.83,14.0,13.75,13.94,13.89,-0.06,-0.432,1.6925,11053864,153362817.47,9032649600.0,9032649600.0
2014-01-22,'002428,云南锗业,13.89,14.13,13.62,13.63,13.64,0.25,1.8328,2.2811,14898102,207308111.77,9071836800.0,9071836800.0
2014-01-21,'002428,云南锗业,13.64,13.65,13.3,13.3,13.34,0.3,2.2489,1.1408,7451116,100657069.99,8908556800.0,8908556800.0
2014-01-20,'002428,云南锗业,13.34,13.63,13.31,13.63,13.7,-0.36,-2.6277,1.5552,10157134,136503301.7,8712620800.0,8712620800.0
2014-01-17,'002428,云南锗业,13.7,14.02,13.68,14.0,14.08,-0.38,-2.6989,2.2479,14681726,202743918.08,8947744000.0,8947744000.0
2014-01-16,'002428,云南锗业,14.08,14.27,13.56,13.64,13.63,0.45,3.3015,3.8431,25100319,351592822.62,9195929600.0,9195929600.0
2014-01-15,'002428,云南锗业,13.63,13.89,13.47,13.78,13.79,-0.16,-1.1603,1.883,12298439,167597731.61,8902025600.0,8902025600.0
2014-01-14,'002428,云南锗业,13.79,13.85,13.45,13.58,13.7,0.09,0.6569,2.1103,13782980,188536034.5,9006524800.0,9006524800.0
2014-01-13,'002428,云南锗业,13.7,14.0,13.25,13.25,13.24,0.46,3.4743,3.2087,20956791,287229279.65,8947744000.0,8947744000.0
2014-01-10,'002428,云南锗业,13.24,13.44,13.08,13.1,13.09,0.15,1.1459,1.3237,8645149,114780033.08,8647308800.0,8647308800.0
2014-01-09,'002428,云南锗业,13.09,13.56,13.08,13.26,13.45,-0.36,-2.6766,1.6021,10463596,139716590.23,8549340800.0,8549340800.0
2014-01-08,'002428,云南锗业,13.45,13.49,12.87,13.12,13.08,0.37,2.8287,2.1358,13949263,184551437.0,8784464000.0,8784464000.0
2014-01-07,'002428,云南锗业,13.08,13.26,12.7,12.84,12.93,0.15,1.1601,1.314,8582150,112310381.64,8542809600.0,8542809600.0
2014-01-06,'002428,云南锗业,12.93,13.58,12.88,13.53,13.58,-0.65,-4.7865,1.9797,12929574,169865749.85,8444841600.0,8444841600.0
2014-01-03,'002428,云南锗业,13.58,13.9,13.4,13.67,13.61,-0.03,-0.2204,2.4495,15997988,219009469.16,8869369600.0,8869369600.0
2014-01-02,'002428,云南锗业,13.61,14.22,13.51,13.6,13.24,0.37,2.7946,3.4276,22386413,309615222.99,8888963200.0,8888963200.0
2013-12-31,'002428,云南锗业,13.24,13.5,13.02,13.06,13.03,0.21,1.6117,2.1412,13984863,185973050.18,8647308800.0,8647308800.0
2013-12-30,'002428,云南锗业,13.03,13.41,13.01,13.37,13.09,-0.06,-0.4584,1.5031,9817321,129361318.35,8510153600.0,8510153600.0
2013-12-27,'002428,云南锗业,13.09,13.4,12.54,12.59,12.62,0.47,3.7242,2.2292,14559517,189280870.36,8549340800.0,8549340800.0
2013-12-26,'002428,云南锗业,12.62,13.19,12.6,13.08,13.11,-0.49,-3.7376,2.0191,13187393,169162228.65,8242374400.0,8242374400.0
2013-12-25,'002428,云南锗业,13.11,13.13,12.75,12.8,12.91,0.2,1.5492,1.4087,9200607,119559021.17,8562403200.0,8562403200.0
2013-12-24,'002428,云南锗业,12.91,13.16,12.72,12.83,12.88,0.03,0.2329,1.4947,9762059,126648494.45,8431779200.0,8431779200.0
2013-12-23,'002428,云南锗业,12.88,13.2,12.69,13.08,13.16,-0.28,-2.1277,1.4765,9643390,124909059.07,8412185600.0,8412185600.0
2013-12-20,'002428,云南锗业,13.16,13.41,13.0,13.4,13.59,-0.43,-3.1641,2.3523,15363038,202120658.91,8595059200.0,8595059200.0
2013-12-19,'002428,云南锗业,13.59,14.35,13.5,14.12,14.12,-0.53,-3.7535,2.9282,19124452,265248896.61,8875900800.0,8875900800.0
2013-12-18,'002428,云南锗业,14.12,14.58,13.82,13.86,13.86,0.26,1.8759,4.2763,27929596,398984121.73,9222054400.0,9222054400.0
2013-12-17,'002428,云南锗业,13.86,14.0,13.53,13.77,13.75,0.11,0.8,2.7393,17890793,246458832.73,9052243200.0,9052243200.0
2013-12-16,'002428,云南锗业,13.75,14.0,13.45,13.78,13.65,0.1,0.7326,2.1581,14095082,193477292.98,8980400000.0,8980400000.0
2013-12-13,'002428,云南锗业,13.65,13.85,13.4,13.5,13.61,0.04,0.2939,2.0133,13148981,180186235.41,8915088000.0,8915088000.0
2013-12-12,'002428,云南锗业,13.61,13.83,13.51,13.58,13.52,0.09,0.6657,2.5796,16847997,230145131.17,8888963200.0,8888963200.0
2013-12-11,'002428,云南锗业,13.52,13.99,13.51,13.99,14.29,-0.77,-5.3884,4.3041,28111167,384711572.28,8830182400.0,8830182400.0
2013-12-10,'002428,云南锗业,14.29,14.76,14.09,14.12,14.16,0.13,0.9181,6.065,39611997,572632785.95,9333084800.0,9333084800.0
2013-12-09,'002428,云南锗业,14.16,14.28,14.01,14.2,14.23,-0.07,-0.4919,2.9304,19139253,270722234.35,9248179200.0,9248179200.0
2013-12-06,'002428,云南锗业,14.23,14.31,13.82,14.0,14.12,0.11,0.779,4.8514,31685345,446938031.27,9293897600.0,9293897600.0
2013-12-05,'002428,云南锗业,14.12,14.75,14.06,14.55,14.82,-0.7,-4.7233,8.5763,56013793,802262371.24,9222054400.0,9222054400.0
2013-12-04,'002428,云南锗业,14.82,15.39,14.81,15.09,15.3,-0.48,-3.1373,7.0864,46282715,695895882.2,9679238400.0,9679238400.0
2013-12-03,'002428,云南锗业,15.3,15.3,14.2,14.7,14.96,0.34,2.2727,9.9178,64775369,954174690.57,9992736000.0,9992736000.0
2013-12-02,'002428,云南锗业,14.96,14.96,13.19,13.42,13.6,1.36,10.0,13.4491,87838816,1292553886.78,9770675200.0,9770675200.0
2013-11-29,'002428,云南锗业,13.6,13.88,12.96,13.28,12.96,0.64,4.9383,8.4715,55329094,742478111.85,8882432000.0,8882432000.0
2013-11-28,'002428,云南锗业,12.96,12.96,11.8,11.8,11.78,1.18,10.017,5.0384,32906618,420951499.82,8464435200.0,8464435200.0
2013-11-27,'002428,云南锗业,11.78,11.84,11.61,11.64,11.65,0.13,1.1159,0.6032,3939914,46296176.62,7693753600.0,7693753600.0
2013-11-26,'002428,云南锗业,11.65,11.75,11.6,11.65,11.71,-0.06,-0.5124,0.4793,3130660,36522142.71,7608848000.0,7608848000.0
2013-11-25,'002428,云南锗业,11.71,11.89,11.7,11.89,11.89,-0.18,-1.5139,0.6938,4531410,53342245.31,7648035200.0,7648035200.0
2013-11-22,'002428,云南锗业,11.89,11.89,11.61,11.77,11.73,0.16,1.364,0.8834,5769750,67846830.94,7765596800.0,7765596800.0
2013-11-21,'002428,云南锗业,11.73,11.87,11.68,11.87,11.88,-0.15,-1.2626,0.7178,4688100,55060389.47,7661097600.0,7661097600.0
2013-11-20,'002428,云南锗业,11.88,11.9,11.72,11.82,11.81,0.07,0.5927,0.8094,5286476,62509925.04,7759065600.0,7759065600.0
2013-11-19,'002428,云南锗业,11.81,11.9,11.72,11.79,11.78,0.03,0.2547,0.6728,4394031,51789030.14,7713347200.0,7713347200.0
2013-11-18,'002428,云南锗业,11.78,11.8,11.56,11.64,11.54,0.24,2.0797,0.952,6217393,72831485.92,7693753600.0,7693753600.0
2013-11-15,'002428,云南锗业,11.54,11.66,11.22,11.28,11.25,0.29,2.5778,1.0164,6638573,76310355.46,7537004800.0,7537004800.0
2013-11-14,'002428,云南锗业,11.25,11.25,11.08,11.11,11.11,0.14,1.2601,0.4187,2734848,30529883.67,7347600000.0,7347600000.0
2013-11-13,'002428,云南锗业,11.11,11.27,11.1,11.27,11.35,-0.24,-2.1145,0.5241,3423325,38251122.83,7256163200.0,7256163200.0
2013-11-12,'002428,云南锗业,11.35,11.37,11.09,11.2,11.16,0.19,1.7025,0.6195,4046226,45512339.81,7412912000.0,7412912000.0
2013-11-11,'002428,云南锗业,11.16,11.29,11.08,11.15,11.19,-0.03,-0.2681,0.5935,3875994,43193129.04,7288819200.0,7288819200.0
2013-11-08,'002428,云南锗业,11.19,11.5,11.16,11.36,11.45,-0.26,-2.2707,0.615,4016702,45494696.58,7308412800.0,7308412800.0
2013-11-07,'002428,云南锗业,11.45,11.7,11.45,11.68,11.73,-0.28,-2.387,0.792,5172673,59761537.62,7478224000.0,7478224000.0
2013-11-06,'002428,云南锗业,11.73,11.97,11.7,11.95,11.91,-0.18,-1.5113,0.7388,4825177,57109273.04,7661097600.0,7661097600.0
2013-11-05,'002428,云南锗业,11.91,11.92,11.67,11.9,11.93,-0.02,-0.1676,0.7169,4682235,55239459.07,7778659200.0,7778659200.0
2013-11-04,'002428,云南锗业,11.93,12.12,11.85,11.9,11.91,0.02,0.1679,0.5057,3302834,39506768.95,7791721600.0,7791721600.0
2013-11-01,'002428,云南锗业,11.91,12.03,11.71,11.71,11.75,0.16,1.3617,0.6438,4204568,50091974.37,7778659200.0,7778659200.0
2013-10-31,'002428,云南锗业,11.75,11.85,11.68,11.82,11.84,-0.09,-0.7601,0.5875,3837029,45089770.26,7674160000.0,7674160000.0
2013-10-30,'002428,云南锗业,11.84,11.88,11.61,11.66,11.66,0.18,1.5437,0.5978,3904164,45976834.99,7732940800.0,7732940800.0
2013-10-29,'002428,云南锗业,11.66,12.17,11.36,11.98,11.94,-0.28,-2.3451,0.9802,6402204,75324356.67,7615379200.0,7615379200.0
2013-10-28,'002428,云南锗业,11.94,12.09,11.86,11.99,11.88,0.06,0.5051,0.5489,3585126,42855438.06,7798252800.0,7798252800.0
2013-10-25,'002428,云南锗业,11.88,12.31,11.71,12.27,12.22,-0.34,-2.7823,0.9551,6238203,75001164.57,7759065600.0,7759065600.0
2013-10-24,'002428,云南锗业,12.22,12.38,12.21,12.3,12.28,-0.06,-0.4886,0.7145,4666280,57292066.11,7981126400.0,7981126400.0
2013-10-23,'002428,云南锗业,12.28,12.65,12.26,12.36,12.31,-0.03,-0.2437,1.3984,9133388,113799494.75,8020313600.0,8020313600.0
2013-10-22,'002428,云南锗业,12.31,12.47,12.21,12.47,12.47,-0.16,-1.2831,1.0634,6945599,85547313.99,8039907200.0,8039907200.0
2013-10-21,'002428,云南锗业,12.47,12.48,12.03,12.42,12.39,0.08,0.6457,1.6743,10935272,133913706.79,8144406400.0,8144406400.0
2013-10-18,'002428,云南锗业,12.39,12.49,12.35,12.37,12.36,0.03,0.2427,0.6741,4402677,54641393.61,8092156800.0,8092156800.0
2013-10-17,'002428,云南锗业,12.36,12.66,12.3,12.42,12.35,0.01,0.081,1.0731,7008450,87170317.9,8072563200.0,8072563200.0
2013-10-16,'002428,云南锗业,12.35,12.93,12.32,12.86,12.85,-0.5,-3.8911,1.2627,8247161,103393923.11,8066032000.0,8066032000.0
2013-10-15,'002428,云南锗业,12.85,13.04,12.78,12.78,12.8,0.05,0.3906,0.9717,6346469,81773915.54,8392592000.0,8392592000.0
2013-10-14,'002428,云南锗业,12.8,13.06,12.77,12.99,13.03,-0.23,-1.7652,1.2404,8101239,104188558.64,8359936000.0,8359936000.0
2013-10-11,'002428,云南锗业,13.03,13.2,12.91,13.11,13.06,-0.03,-0.2297,1.2659,8267872,107749808.28,8510153600.0,8510153600.0
2013-10-10,'002428,云南锗业,13.06,13.18,12.95,13.05,13.08,-0.02,-0.1529,1.4338,9364408,122537337.76,8529747200.0,8529747200.0
2013-10-09,'002428,云南锗业,13.08,13.13,12.88,13.04,13.05,0.03,0.2299,1.0549,6889963,89776647.14,8542809600.0,8542809600.0
2013-10-08,'002428,云南锗业,13.05,13.16,12.7,12.87,13.01,0.04,0.3075,1.2526,8180711,106032231.98,8523216000.0,8523216000.0
2013-09-30,'002428,云南锗业,13.01,13.26,12.58,12.58,12.56,0.45,3.5828,1.3582,8870515,114828563.85,8497091200.0,8497091200.0
2013-09-27,'002428,云南锗业,12.56,12.72,12.5,12.53,12.53,0.03,0.2394,0.8633,5638091,71227071.42,8203187200.0,8203187200.0
2013-09-26,'002428,云南锗业,12.53,12.98,12.52,12.83,12.85,-0.32,-2.4903,1.6753,10941734,138743814.89,8183593600.0,8183593600.0
2013-09-25,'002428,云南锗业,12.85,13.17,12.81,13.08,13.07,-0.22,-1.6832,1.8856,12315509,159627567.17,8392592000.0,8392592000.0
2013-09-24,'002428,云南锗业,13.07,13.41,13.05,13.33,13.36,-0.29,-2.1707,1.9173,12522196,164895546.49,8536278400.0,8536278400.0
2013-09-23,'002428,云南锗业,13.36,13.48,13.25,13.4,13.32,0.04,0.3003,1.6639,10867224,144872617.22,8725683200.0,8725683200.0
2013-09-18,'002428,云南锗业,13.32,13.59,13.21,13.26,13.33,-0.01,-0.075,1.7011,11110005,149011935.83,8699558400.0,8699558400.0
2013-09-17,'002428,云南锗业,13.33,13.55,13.04,13.2,13.38,-0.05,-0.3737,3.3247,21714344,288925498.23,8706089600.0,8706089600.0
2013-09-16,'002428,云南锗业,13.38,13.89,13.2,13.88,13.88,-0.5,-3.6023,4.3311,28287268,377074275.71,8738745600.0,8738745600.0
2013-09-13,'002428,云南锗业,13.88,14.15,13.66,13.7,13.69,0.19,1.3879,1.4736,9624554,133579231.23,9065305600.0,9065305600.0
2013-09-12,'002428,云南锗业,13.69,13.9,13.64,13.87,14.0,-0.31,-2.2143,2.0831,13605076,186658378.87,8941212800.0,8941212800.0
2013-09-11,'002428,云南锗业,14.0,14.68,13.95,14.13,14.17,-0.17,-1.1997,3.8594,25206726,361143498.65,9143680000.0,9143680000.0
2013-09-10,'002428,云南锗业,14.17,14.25,13.98,14.25,14.29,-0.12,-0.8397,2.6321,17190709,242047960.12,9254710400.0,9254710400.0
2013-09-09,'002428,云南锗业,14.29,14.39,13.84,13.96,13.92,0.37,2.658,3.0754,20085795,284769433.17,9333084800.0,9333084800.0
2013-09-06,'002428,云南锗业,13.92,14.05,13.78,13.81,13.79,0.13,0.9427,1.4788,9658510,134651405.08,9091430400.0,9091430400.0
2013-09-05,'002428,云南锗业,13.79,14.06,13.75,13.95,13.93,-0.14,-1.005,1.5294,9988669,138564642.76,9006524800.0,9006524800.0
2013-09-04,'002428,云南锗业,13.93,14.19,13.45,13.5,13.52,0.41,3.0325,2.8999,18940100,263350821.61,9097961600.0,9097961600.0
2013-09-03,'002428,云南锗业,13.52,13.54,13.32,13.47,13.44,0.08,0.5952,1.1197,7313293,98282474.61,8830182400.0,8830182400.0
2013-09-02,'002428,云南锗业,13.44,13.5,13.09,13.1,13.22,0.22,1.6641,1.206,7876878,105364477.19,8777932800.0,8777932800.0
2013-08-30,'002428,云南锗业,13.22,13.82,13.12,13.8,13.72,-0.5,-3.6443,2.468,16119214,216142488.7,8634246400.0,8634246400.0
2013-08-29,'002428,云南锗业,13.72,14.29,13.64,14.29,14.36,-0.64,-4.4568,3.2933,21509035,298915343.92,8960806400.0,8960806400.0
2013-08-28,'002428,云南锗业,14.36,14.53,14.01,14.19,14.21,0.15,1.0556,4.5869,29957787,429932750.51,9378803200.0,9378803200.0
2013-08-27,'002428,云南锗业,14.21,14.42,13.83,13.87,13.96,0.25,1.7908,3.2805,21425711,303408455.8,9280835200.0,9280835200.0
2013-08-26,'002428,云南锗业,13.96,13.99,13.73,13.95,13.79,0.17,1.2328,2.1416,13987100,194356830.53,9117555200.0,9117555200.0
2013-08-23,'002428,云南锗业,13.79,14.15,13.32,13.71,13.62,0.17,1.2482,2.7159,17738405,244548384.87,9006524800.0,9006524800.0
2013-08-22,'002428,云南锗业,13.62,14.08,13.58,14.0,14.01,-0.39,-2.7837,2.7877,18206791,250474825.1,8895494400.0,8895494400.0
2013-08-21,'002428,云南锗业,14.01,14.02,13.31,13.4,13.4,0.61,4.5522,2.8641,18705994,258538734.69,9150211200.0,9150211200.0
2013-08-20,'002428,云南锗业,13.4,13.81,13.32,13.63,13.77,-0.37,-2.687,2.021,13199487,179058477.03,8751808000.0,8751808000.0
2013-08-19,'002428,云南锗业,13.77,13.95,13.04,13.16,13.32,0.45,3.3784,2.6232,17132505,231890726.68,8993462400.0,8993462400.0
2013-08-16,'002428,云南锗业,13.32,14.19,13.27,13.71,13.84,-0.52,-3.7572,3.1973,20882411,285784170.42,8699558400.0,8699558400.0
2013-08-15,'002428,云南锗业,13.84,14.15,13.73,13.73,13.8,0.04,0.2899,2.32,15152215,211595801.03,9039180800.0,9039180800.0
2013-08-14,'002428,云南锗业,13.8,14.27,13.67,14.18,14.15,-0.35,-2.4735,3.2108,20970111,293065170.98,9013056000.0,9013056000.0
2013-08-13,'002428,云南锗业,14.15,14.29,13.78,13.81,14.05,0.1,0.7117,5.0665,33090282,464484313.48,9241648000.0,9241648000.0
2013-08-12,'002428,云南锗业,14.05,14.21,12.75,12.97,12.92,1.13,8.7461,7.8074,50991381,704807717.27,9176336000.0,9176336000.0
2013-08-09,'002428,云南锗业,12.92,13.24,12.41,12.51,12.37,0.55,4.4462,3.4989,22852207,293582101.52,8438310400.0,8438310400.0
2013-08-08,'002428,云南锗业,12.37,12.49,12.28,12.28,12.24,0.13,1.0621,1.3233,8642489,107101486.55,8079094400.0,8079094400.0
2013-08-07,'002428,云南锗业,12.24,12.52,12.17,12.42,12.46,-0.22,-1.7657,1.3606,8886564,109623286.46,7994188800.0,7994188800.0
2013-08-06,'002428,云南锗业,12.46,12.54,12.05,12.33,12.29,0.17,1.3832,1.923,12559495,154898542.51,8137875200.0,8137875200.0
2013-08-05,'002428,云南锗业,12.29,12.33,12.14,12.17,12.12,0.17,1.4026,1.3249,8652972,106032388.28,8026844800.0,8026844800.0
2013-08-02,'002428,云南锗业,12.12,12.32,12.11,12.26,12.08,0.04,0.3311,1.4057,9181011,112022897.5,7915814400.0,7915814400.0
2013-08-01,'002428,云南锗业,12.08,12.18,11.83,11.83,11.86,0.22,1.855,1.1766,7684574,92536349.34,7889689600.0,7889689600.0
2013-07-31,'002428,云南锗业,11.86,12.19,11.84,11.95,11.66,0.2,1.7153,1.1057,7221529,86591500.28,7746003200.0,7746003200.0
2013-07-30,'002428,云南锗业,11.66,11.97,11.47,11.47,11.46,0.2,1.7452,0.8964,5854400,68825771.88,7615379200.0,7615379200.0
2013-07-29,'002428,云南锗业,11.46,11.88,11.43,11.76,11.87,-0.41,-3.4541,0.9301,6074541,70676835.95,7484755200.0,7484755200.0
2013-07-26,'002428,云南锗业,11.87,12.18,11.7,12.1,12.13,-0.26,-2.1434,1.0104,6598902,78752045.71,7752534400.0,7752534400.0
2013-07-25,'002428,云南锗业,12.13,12.4,12.07,12.1,12.15,-0.02,-0.1646,1.2069,7882438,96418996.83,7922345600.0,7922345600.0
2013-07-24,'002428,云南锗业,12.15,12.27,11.92,12.24,12.27,-0.12,-0.978,1.4713,9609062,116046666.29,7935408000.0,7935408000.0
2013-07-23,'002428,云南锗业,12.27,12.51,11.7,11.71,11.68,0.59,5.0514,1.8645,12177206,148337011.73,8013782400.0,8013782400.0
2013-07-22,'002428,云南锗业,11.68,11.73,11.08,11.22,11.42,0.26,2.2767,1.3188,8613165,98104877.49,7628441600.0,7628441600.0
2013-07-19,'002428,云南锗业,11.42,12.19,11.4,12.04,12.05,-0.63,-5.2282,1.4782,9654355,114216997.06,7458630400.0,7458630400.0
2013-07-18,'002428,云南锗业,12.05,12.38,12.0,12.3,12.39,-0.34,-2.7441,1.5915,10394629,126108325.83,7870096000.0,7870096000.0
2013-07-17,'002428,云南锗业,12.39,12.86,12.33,12.65,12.6,-0.21,-1.6667,1.6662,10882547,137079147.99,8092156800.0,8092156800.0
2013-07-16,'002428,云南锗业,12.6,12.72,12.4,12.5,12.55,0.05,0.3984,1.425,9307069,117111473.03,8229312000.0,8229312000.0
2013-07-15,'002428,云南锗业,12.55,12.78,12.26,12.27,12.25,0.3,2.449,1.8575,12131949,151991321.68,8196656000.0,8196656000.0
2013-07-12,'002428,云南锗业,12.25,12.68,12.25,12.66,12.68,-0.43,-3.3912,2.4916,16273396,202569992.33,8000720000.0,8000720000.0
2013-07-11,'002428,云南锗业,12.68,12.94,12.12,12.12,12.14,0.54,4.4481,4.2725,27904720,351627225.14,8281561600.0,8281561600.0
2013-07-10,'002428,云南锗业,12.14,12.38,11.25,11.32,11.33,0.81,7.1492,2.6579,17359499,207344848.62,7928876800.0,7928876800.0
2013-07-09,'002428,云南锗业,11.33,11.55,11.23,11.36,11.3,0.03,0.2655,0.9868,6444722,73270129.57,7399849600.0,7399849600.0
2013-07-08,'002428,云南锗业,11.3,11.8,11.3,11.79,12.1,-0.8,-6.6116,1.9592,12795602,148280105.03,7380256000.0,7380256000.0
2013-07-05,'002428,云南锗业,12.1,12.5,11.65,11.78,11.86,0.24,2.0236,2.7606,18030202,218403324.6,7902752000.0,7902752000.0
2013-07-04,'002428,云南锗业,11.86,12.2,11.03,11.24,11.33,0.53,4.6778,2.4088,15732090,184372863.87,7746003200.0,7746003200.0
2013-07-03,'002428,云南锗业,11.33,11.61,11.01,11.61,11.61,-0.28,-2.4117,1.4452,9439037,106465986.83,7399849600.0,7399849600.0
2013-07-02,'002428,云南锗业,11.61,11.66,11.45,11.64,11.53,0.08,0.6938,1.1704,7644281,88376694.59,7582723200.0,7582723200.0
2013-07-01,'002428,云南锗业,11.53,11.55,11.19,11.32,11.32,0.21,1.8551,0.8726,5699044,64969438.21,7530473600.0,7530473600.0
2013-06-28,'002428,云南锗业,11.32,11.68,11.19,11.27,11.2,0.12,1.0714,1.5232,9948406,114001448.47,7393318400.0,7393318400.0
2013-06-27,'002428,云南锗业,11.2,11.64,11.13,11.3,11.47,-0.27,-2.354,2.1345,13940541,159186149.29,7314944000.0,7314944000.0
2013-06-26,'002428,云南锗业,11.47,11.55,10.2,10.4,10.5,0.97,9.2381,2.425,15837949,175126148.29,7491286400.0,7491286400.0
2013-06-25,'002428,云南锗业,10.5,10.99,9.8,10.75,10.84,-0.34,-3.1365,1.9375,12654321,130874771.56,6857760000.0,6857760000.0
2013-06-24,'002428,云南锗业,10.84,11.84,10.71,11.84,11.9,-1.06,-8.9076,1.3522,8831574,99060186.52,7079820800.0,7079820800.0
2013-06-21,'002428,云南锗业,11.9,11.99,11.45,11.65,12.17,-0.27,-2.2186,1.2275,8017250,94201386.34,7772128000.0,7772128000.0
2013-06-20,'002428,云南锗业,12.17,12.9,12.01,12.9,13.04,-0.87,-6.6718,1.1148,7281011,91253904.19,7948470400.0,7948470400.0
2013-06-19,'002428,云南锗业,13.04,13.1,12.72,12.96,12.95,0.09,0.695,0.9162,5983637,77469823.76,8516684800.0,8516684800.0
2013-06-18,'002428,云南锗业,12.95,13.19,12.84,12.93,12.98,-0.03,-0.2311,0.8966,5855910,76270441.05,8457904000.0,8457904000.0
2013-06-17,'002428,云南锗业,12.98,13.02,12.56,12.74,12.79,0.19,1.4855,1.2128,7920755,101421557.86,8477497600.0,8477497600.0
2013-06-14,'002428,云南锗业,12.79,12.89,12.51,12.51,12.49,0.3,2.4019,1.2241,7994598,101628827.5,8353404800.0,8353404800.0
2013-06-13,'002428,云南锗业,12.49,12.89,12.29,12.89,13.04,-0.55,-4.2178,1.3989,9136722,114381641.94,8157468800.0,8157468800.0
2013-06-07,'002428,云南锗业,13.04,13.45,12.88,13.2,13.15,-0.11,-0.8365,2.8692,10994222,144280641.7,8516684800.0,4996635904.0
2013-06-06,'002428,云南锗业,13.15,13.64,13.09,13.49,13.58,-0.43,-3.1664,2.7492,10534168,140439005.3,8588528000.0,5038785440.0
2013-06-05,'002428,云南锗业,13.58,13.92,13.35,13.78,13.92,-0.34,-2.4425,3.4208,13107552,177576926.94,8869369600.0,5203551808.0
2013-06-04,'002428,云南锗业,13.92,14.7,13.82,14.68,14.57,-0.65,-4.4612,3.3182,12714548,179544151.52,9091430400.0,5333832192.0
2013-06-03,'002428,云南锗业,14.57,14.65,14.42,14.45,14.51,0.06,0.4135,1.9831,7598647,110420536.18,9515958400.0,5582897632.0
2013-05-31,'002428,云南锗业,14.51,14.7,14.48,14.56,14.56,-0.05,-0.3434,2.3896,9156477,133704358.41,9476771200.0,5559906976.0
2013-05-30,'002428,云南锗业,14.56,14.91,14.5,14.9,14.97,-0.41,-2.7388,4.5306,17360236,253972781.75,9509427200.0,5579065856.0
2013-05-29,'002428,云南锗业,14.97,15.37,14.91,15.25,15.25,-0.28,-1.8361,4.0021,15335243,230751373.6,9777206400.0,5736168672.0
2013-05-28,'002428,云南锗业,15.25,15.4,15.0,15.01,15.04,0.21,1.3963,3.7248,14272640,217228659.75,9960080000.0,5843458400.0
2013-05-27,'002428,云南锗业,15.04,15.31,14.93,15.16,15.32,-0.28,-1.8277,3.7095,14213803,214404333.93,9822924800.0,5762991104.0
2013-05-24,'002428,云南锗业,15.32,15.38,14.98,15.17,15.28,0.04,0.2618,3.7576,14398402,218600066.8,10005798400.0,5870280832.0
2013-05-23,'002428,云南锗业,15.28,15.72,15.22,15.59,15.74,-0.46,-2.9225,3.869,14824984,228572469.62,9979673600.0,5854953728.0
2013-05-22,'002428,云南锗业,15.74,16.12,15.58,15.85,15.77,-0.03,-0.1902,4.5973,17615956,279519931.94,10280108800.0,6031215424.0
2013-05-21,'002428,云南锗业,15.77,15.88,15.27,15.4,15.37,0.4,2.6025,5.0003,19160152,298838788.85,10299702400.0,6042710752.0
2013-05-20,'002428,云南锗业,15.37,15.53,14.9,15.12,15.14,0.23,1.5192,5.4112,20734503,315222870.9,10038454400.0,5889439712.0
2013-05-17,'002428,云南锗业,15.14,15.17,14.44,14.87,14.92,0.22,1.4745,4.8308,18510688,273863319.57,9888236800.0,5801308864.0
2013-05-16,'002428,云南锗业,14.92,15.36,14.81,15.36,15.25,-0.33,-2.1639,5.0119,19204668,288771860.21,9744550400.0,5717009792.0
2013-05-15,'002428,云南锗业,15.25,15.33,14.52,14.52,14.56,0.69,4.739,4.3593,16703728,250479826.32,9960080000.0,5843458400.0
2013-05-14,'002428,云南锗业,14.56,14.98,14.37,14.75,14.85,-0.29,-1.9529,2.4833,9515500,138882243.83,9509427200.0,5579065856.0
2013-05-13,'002428,云南锗业,14.85,15.1,14.3,14.9,14.67,0.18,1.227,4.3096,16513295,242951398.53,9698832000.0,5690187360.0
2013-05-10,'002428,云南锗业,29.44,30.17,28.82,29.17,29.17,0.27,0.9256,4.5981,8809482,260313932.31,9613926400.0,5640374272.0
2013-05-09,'002428,云南锗业,29.17,29.92,28.84,29.86,29.79,-0.62,-2.0812,3.4936,6693269,196033420.98,9525755200.0,5588645296.0
2013-05-08,'002428,云南锗业,29.79,29.81,29.21,29.67,29.51,0.28,0.9488,2.8676,5493991,162303227.13,9728222400.0,5707430352.0
2013-05-07,'002428,云南锗业,29.51,30.41,28.55,28.79,28.81,0.7,2.4297,4.2378,8119103,240333402.0,9636785600.0,5653785488.0
2013-05-06,'002428,云南锗业,28.81,29.3,28.54,28.58,28.61,0.2,0.6991,3.465,6638577,191961618.98,9408193600.0,5519673328.0
2013-05-03,'002428,云南锗业,28.61,28.7,27.6,27.6,26.95,1.66,6.1596,3.9607,7588214,215001614.49,9342881600.0,5481355568.0
2013-05-02,'002428,云南锗业,26.95,27.22,26.28,26.32,26.75,0.2,0.7477,1.8094,3466543,93204748.74,8800792000.0,5163318160.0
2013-04-26,'002428,云南锗业,26.75,28.18,26.68,27.72,27.89,-1.14,-4.0875,3.2887,6300860,172197985.66,8735480000.0,5125000400.0
2013-04-25,'002428,云南锗业,27.89,29.35,27.82,28.59,28.55,-0.66,-2.3117,4.6571,8922494,255661171.42,9107758400.0,5343411632.0
2013-04-24,'002428,云南锗业,28.55,28.88,27.85,28.05,27.82,0.73,2.624,4.8744,9338754,265694105.64,9323288000.0,5469860240.0
2013-04-23,'002428,云南锗业,27.82,29.23,27.79,28.35,28.1,-0.28,-0.9964,6.3485,12163083,346657996.59,9084899200.0,5330000416.0
2013-04-22,'002428,云南锗业,28.1,28.35,27.51,27.8,27.92,0.18,0.6447,5.4435,10429113,291924934.76,9176336000.0,5383645280.0
2013-04-19,'002428,云南锗业,27.92,27.92,26.18,26.18,25.38,2.54,10.0079,8.4426,16175070,442944946.24,9117555200.0,5349159296.0
2013-04-18,'002428,云南锗业,25.38,25.69,24.7,24.96,25.25,0.13,0.5149,0.9513,1822653,46157389.74,8288092800.0,4862523744.0
2013-04-17,'002428,云南锗业,25.25,25.54,25.03,25.28,25.46,-0.21,-0.8248,0.9586,1836647,46406863.43,8245640000.0,4837617200.0
2013-04-16,'002428,云南锗业,25.46,25.6,24.1,24.85,25.3,0.16,0.6324,1.7221,3299310,81684904.49,8314217600.0,4877850848.0
2013-04-15,'002428,云南锗业,25.3,26.0,25.21,25.9,26.28,-0.98,-3.7291,1.5275,2926515,74732518.06,8261968000.0,4847196640.0
2013-04-12,'002428,云南锗业,26.28,26.66,25.86,25.96,25.55,0.73,2.8571,2.3117,4429000,116388411.71,8581996800.0,5034953664.0
2013-04-11,'002428,云南锗业,25.55,26.27,25.55,26.14,26.01,-0.46,-1.7686,1.248,2391020,61852286.22,8343608000.0,4895093840.0
2013-04-10,'002428,云南锗业,26.01,26.44,25.52,25.7,25.7,0.31,1.2062,2.6551,5086905,133013931.91,8493825600.0,4983224688.0
2013-04-09,'002428,云南锗业,25.7,25.9,24.7,24.7,24.86,0.84,3.3789,1.8885,3618222,92604310.18,8392592000.0,4923832160.0
2013-04-08,'002428,云南锗业,24.86,24.92,23.68,24.49,25.0,-0.14,-0.56,1.3004,2491395,60852373.23,8118281600.0,4762897568.0
2013-04-03,'002428,云南锗业,25.0,25.57,24.87,25.42,25.35,-0.35,-1.3807,1.6538,3168426,79431767.81,8164000000.0,4789720000.0
2013-04-02,'002428,云南锗业,25.35,25.82,25.2,25.25,25.25,0.1,0.396,1.4333,2746063,69964590.55,8278296000.0,4856776080.0
2013-04-01,'002428,云南锗业,25.25,25.7,25.05,25.2,25.2,0.05,0.1984,1.1368,2177976,55358325.28,8245640000.0,4837617200.0
2013-03-29,'002428,云南锗业,25.2,25.6,24.92,25.15,25.35,-0.15,-0.5917,1.7049,3266379,82413463.54,8229312000.0,4828037760.0
2013-03-28,'002428,云南锗业,25.35,26.4,25.28,26.4,26.68,-1.33,-4.985,2.8134,5390131,138709283.25,8278296000.0,4856776080.0
2013-03-27,'002428,云南锗业,26.68,26.96,26.37,26.54,26.6,0.08,0.3008,1.7129,3281792,87530367.71,8712620800.0,5111589184.0
2013-03-26,'002428,云南锗业,26.6,26.88,26.15,26.85,27.02,-0.42,-1.5544,2.1033,4029659,106464608.52,8686496000.0,5096262080.0
2013-03-25,'002428,云南锗业,27.02,27.36,26.73,26.98,26.98,0.04,0.1483,2.5643,4912936,132933011.72,8823651200.0,5176729376.0
2013-03-22,'002428,云南锗业,26.98,27.41,26.52,26.68,26.69,0.29,1.0865,3.0989,5937064,160688907.36,8810588800.0,5169065824.0
2013-03-21,'002428,云南锗业,26.69,26.89,26.37,26.8,26.67,0.02,0.075,2.9064,5568419,148049580.81,8715886400.0,5113505072.0
2013-03-20,'002428,云南锗业,26.67,26.78,26.01,26.09,25.85,0.82,3.1721,3.8104,7300312,192625809.79,8709355200.0,5109673296.0
2013-03-19,'002428,云南锗业,25.85,25.9,25.11,25.59,24.91,0.94,3.7736,3.3279,6375796,163417610.54,8441576000.0,4952570480.0
2013-03-18,'002428,云南锗业,24.91,25.4,24.86,25.2,25.4,-0.49,-1.9291,1.4521,2781976,69669983.57,8134609600.0,4772477008.0
2013-03-15,'002428,云南锗业,25.4,26.13,24.9,24.96,24.93,0.47,1.8853,2.0874,3999206,102024299.89,8294624000.0,4866355520.0
2013-03-14,'002428,云南锗业,24.93,25.68,24.9,25.44,25.45,-0.52,-2.0432,1.767,3385293,85440086.93,8141140800.0,4776308784.0
2013-03-13,'002428,云南锗业,25.45,25.93,25.28,25.29,25.2,0.25,0.9921,2.1472,4113861,105249864.86,8310952000.0,4875934960.0
2013-03-12,'002428,云南锗业,25.2,26.57,24.9,25.86,25.91,-0.71,-2.7403,2.7903,5345966,137056077.21,8229312000.0,4828037760.0
2013-03-11,'002428,云南锗业,25.91,26.57,25.8,26.01,26.15,-0.24,-0.9178,2.1467,4112911,107796579.6,8461169600.0,4964065808.0
2013-03-08,'002428,云南锗业,26.15,26.78,26.02,26.24,26.15,0.0,0.0,2.8265,5415333,142807562.97,8539544000.0,5010047120.0
2013-03-07,'002428,云南锗业,26.15,26.68,25.4,25.58,25.79,0.36,1.3959,4.0897,7835475,204618277.28,8539544000.0,5010047120.0
2013-03-06,'002428,云南锗业,25.79,25.92,24.87,25.22,25.15,0.64,2.5447,2.8408,5442633,138301449.34,8421982400.0,4941075152.0
2013-03-05,'002428,云南锗业,25.15,25.3,24.65,24.65,24.68,0.47,1.9044,1.9281,3694035,92422753.28,8212984000.0,4818458320.0
2013-03-04,'002428,云南锗业,24.68,25.62,24.43,25.62,25.82,-1.14,-4.4152,2.8093,5382311,134050569.39,8059500800.0,4728411584.0
2013-03-01,'002428,云南锗业,25.82,26.08,25.55,26.0,26.13,-0.31,-1.1864,2.5272,4841761,124919438.57,8431779200.0,4946822816.0
2013-02-28,'002428,云南锗业,26.13,26.3,25.3,25.3,25.35,0.78,3.0769,2.8849,5527236,142829009.83,8533012800.0,5006215344.0
2013-02-27,'002428,云南锗业,25.35,26.1,25.27,25.88,24.65,0.7,2.8398,4.1218,7896852,202247393.14,8278296000.0,4856776080.0
2013-02-26,'002428,云南锗业,24.65,25.15,24.4,24.75,24.8,-0.15,-0.6048,1.9913,3815062,94422401.18,8049704000.0,4722663920.0
2013-02-25,'002428,云南锗业,24.8,25.24,24.7,25.03,25.25,-0.45,-1.7822,2.3384,4480028,111554192.11,8098688000.0,4751402240.0
2013-02-22,'002428,云南锗业,25.25,25.92,24.53,25.04,25.05,0.2,0.7984,3.6472,6987676,175303428.07,8245640000.0,4837617200.0
2013-02-21,'002428,云南锗业,25.05,26.4,25.0,26.38,26.73,-1.68,-6.2851,4.3847,8400626,215959561.64,8180328000.0,4799299440.0
2013-02-20,'002428,云南锗业,26.73,26.88,26.36,26.68,26.68,0.05,0.1874,1.6704,3200304,85194859.3,8728948800.0,5121168624.0
2013-02-19,'002428,云南锗业,26.68,27.28,26.32,26.87,26.95,-0.27,-1.0019,2.4138,4624595,123403498.57,8712620800.0,5111589184.0
2013-02-18,'002428,云南锗业,26.95,27.78,26.76,27.68,27.62,-0.67,-2.4258,2.6976,5168300,140145321.27,8800792000.0,5163318160.0
2013-02-08,'002428,云南锗业,27.62,27.99,26.36,26.44,26.43,1.19,4.5025,4.0217,7705080,211277929.61,9019587200.0,5291682656.0
2013-02-07,'002428,云南锗业,26.43,26.59,26.01,26.4,26.5,-0.07,-0.2642,2.4053,4608209,121015695.93,8630980800.0,5063691984.0
2013-02-06,'002428,云南锗业,26.5,27.1,26.42,26.42,26.46,0.04,0.1512,2.3506,4503473,120404820.98,8653840000.0,5077103200.0
2013-02-05,'002428,云南锗业,26.46,26.94,26.07,26.2,26.62,-0.16,-0.6011,2.4199,4636265,123227248.55,8640777600.0,5069439648.0
2013-02-04,'002428,云南锗业,26.62,27.38,25.85,26.81,26.81,-0.19,-0.7087,4.8457,9283899,246572430.33,8693027200.0,5100093856.0
2013-02-01,'002428,云南锗业,26.81,27.22,26.41,26.65,27.08,-0.27,-0.997,4.0704,7798417,208767299.82,8755073600.0,5136495728.0
2013-01-31,'002428,云南锗业,27.08,27.49,26.21,26.3,26.06,1.02,3.914,5.9166,11335550,306501605.07,8843244800.0,5188224704.0
2013-01-30,'002428,云南锗业,26.06,26.57,25.65,25.65,25.82,0.24,0.9295,4.065,7788056,203262445.91,8510153600.0,4992804128.0
2013-01-29,'002428,云南锗业,25.82,26.49,25.6,25.97,25.95,-0.13,-0.501,4.5734,8762212,227594149.22,8431779200.0,4946822816.0
2013-01-28,'002428,云南锗业,25.95,26.25,25.3,25.43,25.48,0.47,1.8446,5.5168,10569486,272450957.4,8474232000.0,4971729360.0
2013-01-25,'002428,云南锗业,25.48,25.8,24.45,24.45,24.4,1.08,4.4262,7.6399,14637232,371470037.39,8320748800.0,4881682624.0
2013-01-24,'002428,云南锗业,24.4,25.5,24.2,24.35,24.35,0.05,0.2053,6.6049,12654284,313440479.06,7968064000.0,4674766720.0
2013-01-23,'002428,云南锗业,24.35,24.55,23.9,24.3,24.39,-0.04,-0.164,3.4428,6596027,159565714.47,7951736000.0,4665187280.0
2013-01-22,'002428,云南锗业,24.39,25.19,23.75,23.84,23.97,0.42,1.7522,6.647,12734990,314024356.88,7964798400.0,4672850832.0
2013-01-21,'002428,云南锗业,23.97,24.19,23.6,24.0,24.06,-0.09,-0.3741,2.3316,4467033,106454404.71,7827643200.0,4592383536.0
2013-01-18,'002428,云南锗业,24.06,24.27,23.56,23.92,23.81,0.25,1.05,3.1931,6117711,146792537.63,7857033600.0,4609626528.0
2013-01-17,'002428,云南锗业,23.81,25.09,23.78,24.69,24.76,-0.95,-3.8368,4.6299,8870454,215389742.9,7775393600.0,4561729328.0
2013-01-16,'002428,云南锗业,24.76,25.59,23.7,23.86,23.82,0.94,3.9463,8.5028,16290375,402457321.65,8085625600.0,4743738688.0
2013-01-15,'002428,云南锗业,23.82,24.15,23.36,23.49,23.42,0.4,1.7079,5.5921,10713907,255116863.71,7778659200.0,4563645216.0
2013-01-14,'002428,云南锗业,23.42,23.65,22.39,22.47,22.53,0.89,3.9503,4.3821,8395522,194416349.05,7648035200.0,4487009696.0
2013-01-11,'002428,云南锗业,22.53,23.15,22.39,22.98,22.94,-0.41,-1.7873,2.8101,5383857,122276556.76,7357396800.0,4316495664.0
2013-01-10,'002428,云南锗业,22.94,23.6,22.8,22.9,22.73,0.21,0.9239,4.1658,7981117,185424658.61,7491286400.0,4395047072.0
2013-01-09,'002428,云南锗业,22.73,22.99,22.38,22.82,22.97,-0.24,-1.0448,2.9584,5667991,128635872.06,7422708800.0,4354813424.0
2013-01-08,'002428,云南锗业,22.97,22.98,22.36,22.72,22.72,0.25,1.1004,3.2949,6312711,143672809.48,7501083200.0,4400794736.0
2013-01-07,'002428,云南锗业,22.72,23.09,22.38,23.08,23.17,-0.45,-1.9422,3.809,7297528,165148289.34,7419443200.0,4352897536.0
2013-01-04,'002428,云南锗业,23.17,24.2,23.09,23.82,23.46,-0.29,-1.2361,5.2926,10139981,238907876.88,7566395200.0,4439112496.0
2012-12-31,'002428,云南锗业,23.46,23.99,22.96,23.0,23.05,0.41,1.7787,6.0508,11592657,272043258.46,7661097600.0,4494673248.0
2012-12-28,'002428,云南锗业,23.05,23.58,22.3,22.3,22.41,0.64,2.8559,5.8819,11269086,259698926.46,7527208000.0,4416121840.0
2012-12-27,'002428,云南锗业,22.41,23.24,22.35,23.1,23.1,-0.69,-2.987,4.6529,8914367,202493930.17,7318209600.0,4293505008.0
2012-12-26,'002428,云南锗业,23.1,23.34,22.7,22.81,23.05,0.05,0.2169,5.2751,10106526,232976643.64,7543536000.0,4425701280.0
2012-12-25,'002428,云南锗业,23.05,23.48,22.0,22.4,22.75,0.3,1.3187,7.6658,14686757,333445065.15,7527208000.0,4416121840.0
2012-12-24,'002428,云南锗业,22.75,22.98,21.9,22.21,22.43,0.32,1.4267,4.5029,8626960,193259337.84,7429240000.0,4358645200.0
2012-12-21,'002428,云南锗业,22.43,23.37,22.3,22.98,23.0,-0.57,-2.4783,8.348,15993890,365787362.44,7324740800.0,4297336784.0
2012-12-20,'002428,云南锗业,23.0,23.0,20.6,20.65,20.91,2.09,9.9952,7.3689,14118020,312314165.33,7510880000.0,4406542400.0
2012-12-19,'002428,云南锗业,20.91,21.25,20.7,20.89,21.04,-0.13,-0.6179,2.2198,4252885,89070434.18,6828369600.0,4006121808.0
2012-12-18,'002428,云南锗业,21.04,21.44,20.5,20.6,20.76,0.28,1.3487,4.2432,8129499,170979655.92,6870822400.0,4031028352.0
2012-12-17,'002428,云南锗业,20.76,21.48,20.6,20.69,20.6,0.16,0.7767,3.4837,6674427,140513184.39,6779385600.0,3977383488.0
2012-12-14,'002428,云南锗业,20.6,20.78,19.53,19.53,19.7,0.9,4.5685,3.1539,6042450,123195850.89,6727136000.0,3946729280.0
2012-12-13,'002428,云南锗业,19.7,20.4,19.6,20.4,20.37,-0.67,-3.2892,1.8275,3501269,69956733.22,6433232000.0,3774299360.0
2012-12-12,'002428,云南锗业,20.37,20.46,20.01,20.29,20.37,0.0,0.0,1.8348,3515187,71193744.48,6652027200.0,3902663856.0
2012-12-11,'002428,云南锗业,20.37,20.89,20.15,20.41,20.39,-0.02,-0.0981,2.2488,4308400,88212616.43,6652027200.0,3902663856.0
2012-12-10,'002428,云南锗业,20.39,20.8,19.94,20.03,20.03,0.36,1.7973,2.3367,4476908,91334222.31,6658558400.0,3906495632.0
2012-12-07,'002428,云南锗业,20.03,20.29,19.46,19.69,19.65,0.38,1.9338,2.0707,3967244,79405051.74,6540996800.0,3837523664.0
2012-12-06,'002428,云南锗业,19.65,20.15,19.42,19.9,20.01,-0.36,-1.7991,1.7096,3275328,64738827.2,6416904000.0,3764719920.0
2012-12-05,'002428,云南锗业,20.01,20.63,18.91,19.0,19.17,0.84,4.3818,2.6052,4991260,99239941.21,6534465600.0,3833691888.0
2012-12-04,'002428,云南锗业,19.17,19.22,18.28,18.39,18.53,0.64,3.4539,1.7345,3323072,61987192.5,6260155200.0,3672757296.0
2012-12-03,'002428,云南锗业,18.53,19.32,18.44,19.05,19.15,-0.62,-3.2376,1.3866,2656479,50123196.26,6051156800.0,3550140464.0
2012-11-30,'002428,云南锗业,19.15,19.39,18.69,18.86,18.7,0.45,2.4064,1.4361,2751363,52526316.22,6253624000.0,3668925520.0
2012-11-29,'002428,云南锗业,18.7,19.64,18.6,19.26,19.3,-0.6,-3.1088,1.5218,2915641,55930897.06,6106672000.0,3582710560.0
2012-11-28,'002428,云南锗业,19.3,20.19,19.1,20.1,20.27,-0.97,-4.7854,1.6828,3224033,63121701.2,6302608000.0,3697663840.0
2012-11-27,'002428,云南锗业,20.27,20.93,20.2,20.8,21.01,-0.74,-3.5221,1.8567,3557204,72751099.45,6619371200.0,3883504976.0
2012-11-26,'002428,云南锗业,21.01,21.53,20.75,20.9,21.05,-0.04,-0.19,3.1427,6021134,127160989.89,6861025600.0,4025280688.0
2012-11-23,'002428,云南锗业,21.05,21.55,19.92,20.16,19.98,1.07,5.3554,4.5886,8791308,182411557.46,6874088000.0,4032944240.0
2012-11-22,'002428,云南锗业,19.98,20.13,19.3,19.69,19.71,0.27,1.3699,1.673,3205204,63186088.79,6524668800.0,3827944224.0
2012-11-21,'002428,云南锗业,19.71,19.78,19.16,19.31,19.38,0.33,1.7028,1.1155,2137201,41778854.58,6436497600.0,3776215248.0
2012-11-20,'002428,云南锗业,19.38,19.9,19.37,19.82,19.64,-0.26,-1.3238,0.8807,1687347,33139268.23,6328732800.0,3712990944.0
2012-11-19,'002428,云南锗业,19.64,19.71,19.0,19.25,19.19,0.45,2.345,1.0723,2054359,39702444.84,6413638400.0,3762804032.0
2012-11-16,'002428,云南锗业,19.19,19.45,18.85,19.41,19.46,-0.27,-1.3875,1.3685,2621933,49973445.42,6266686400.0,3676589072.0
2012-11-15,'002428,云南锗业,19.46,20.22,19.46,20.01,20.19,-0.73,-3.6157,1.1333,2171332,43124869.0,6354857600.0,3728318048.0
2012-11-14,'002428,云南锗业,20.19,20.29,19.88,20.0,20.02,0.17,0.8492,1.2367,2369392,47590749.7,6593246400.0,3868177872.0
2012-11-13,'002428,云南锗业,20.02,20.58,20.01,20.41,20.48,-0.46,-2.2461,1.2707,2434517,49050815.36,6537731200.0,3835607776.0
2012-11-12,'002428,云南锗业,20.48,20.68,20.33,20.37,20.34,0.14,0.6883,0.884,1693569,34742988.37,6687948800.0,3923738624.0
2012-11-09,'002428,云南锗业,20.34,20.8,20.3,20.47,20.52,-0.18,-0.8772,1.2493,2393585,49059054.2,6642230400.0,3896916192.0
2012-11-08,'002428,云南锗业,20.52,21.22,20.48,21.1,21.61,-1.09,-5.044,2.5228,4833436,100624618.57,6701011200.0,3931402176.0
2012-11-07,'002428,云南锗业,21.61,21.99,21.3,21.5,21.37,0.24,1.1231,1.8712,3584979,77851452.49,7056961600.0,4140233968.0
2012-11-06,'002428,云南锗业,21.37,21.85,21.0,21.79,21.72,-0.35,-1.6114,1.7626,3376926,71946852.95,6978587200.0,4094252656.0
2012-11-05,'002428,云南锗业,21.72,22.16,21.6,22.0,22.09,-0.37,-1.675,1.5295,2930310,63885050.34,7092883200.0,4161308736.0
2012-11-02,'002428,云南锗业,22.09,22.47,21.97,22.35,22.27,-0.18,-0.8083,1.613,3090251,68579105.33,7213710400.0,4232196592.0
2012-11-01,'002428,云南锗业,22.27,22.49,21.76,21.88,21.93,0.34,1.5504,2.8276,5417313,120775419.41,7272491200.0,4266682576.0
2012-10-31,'002428,云南锗业,21.93,21.98,21.18,21.27,21.27,0.66,3.103,1.9187,3676097,79589822.63,7161460800.0,4201542384.0
2012-10-30,'002428,云南锗业,21.27,21.64,21.13,21.2,21.21,0.06,0.2829,1.1285,2162024,46132709.59,6945931200.0,4075093776.0
2012-10-29,'002428,云南锗业,21.21,21.99,21.14,21.9,21.9,-0.69,-3.1507,1.7391,3331880,71427147.52,6926337600.0,4063598448.0
2012-10-26,'002428,云南锗业,21.9,22.35,21.47,21.97,21.87,0.03,0.1372,2.416,4628860,101344991.29,7151664000.0,4195794720.0
2012-10-25,'002428,云南锗业,21.87,22.2,21.64,21.7,21.72,0.15,0.6906,1.608,3080836,67507305.23,7141867200.0,4190047056.0
2012-10-24,'002428,云南锗业,21.72,22.08,21.52,21.65,22.08,-0.36,-1.6304,1.3098,2509425,54683184.23,7092883200.0,4161308736.0
2012-10-23,'002428,云南锗业,22.08,22.48,21.85,21.86,21.99,0.09,0.4093,1.9845,3802014,84504159.38,7210444800.0,4230280704.0
2012-10-22,'002428,云南锗业,21.99,22.08,21.4,21.8,22.11,-0.12,-0.5427,2.3164,4437949,96320850.11,7181054400.0,4213037712.0
2012-10-19,'002428,云南锗业,22.11,22.99,21.96,22.87,22.97,-0.86,-3.744,3.6266,6948129,155374649.57,7220241600.0,4236028368.0
2012-10-18,'002428,云南锗业,22.97,23.1,22.73,22.89,22.95,0.02,0.0871,2.4979,4785685,109791449.77,7501083200.0,4400794736.0
2012-10-17,'002428,云南锗业,22.95,23.07,22.58,22.7,22.56,0.39,1.7287,2.1212,4064042,92832990.74,7494552000.0,4396962960.0
2012-10-16,'002428,云南锗业,22.56,23.0,22.21,22.25,22.4,0.16,0.7143,3.0768,5894852,133787312.94,7367193600.0,4322243328.0
2012-10-15,'002428,云南锗业,22.4,22.55,21.86,22.06,22.2,0.2,0.9009,2.8756,5509322,122169217.13,7314944000.0,4291589120.0
2012-10-12,'002428,云南锗业,22.2,23.19,22.0,22.94,23.34,-1.14,-4.8843,6.1881,11855733,267934317.35,7249632000.0,4253271360.0
2012-10-11,'002428,云南锗业,23.34,24.08,23.32,23.91,24.2,-0.86,-3.5537,4.0083,7679440,181929938.93,7621910400.0,4471682592.0
2012-10-10,'002428,云南锗业,24.2,24.37,23.86,24.08,24.4,-0.2,-0.8197,3.6991,7087128,170474336.63,7902752000.0,4636448960.0
2012-10-09,'002428,云南锗业,24.4,24.65,23.67,23.88,24.04,0.36,1.4975,6.1758,11832231,285868844.09,7968064000.0,4674766720.0
2012-10-08,'002428,云南锗业,24.04,24.16,23.13,23.88,24.03,0.01,0.0416,4.9252,9436127,223130456.68,7850502400.0,4605794752.0
2012-09-28,'002428,云南锗业,24.03,24.55,22.62,22.75,22.75,1.28,5.6264,10.6293,20364534,482631987.0,7847236800.0,4603878864.0
2012-09-27,'002428,云南锗业,22.75,23.61,21.48,21.48,21.57,1.18,5.4706,5.4942,10526191,237955813.83,7429240000.0,4358645200.0
2012-09-26,'002428,云南锗业,21.57,22.65,21.54,22.52,22.68,-1.11,-4.8942,3.2657,6256733,137466677.47,7043899200.0,4132570416.0
2012-09-25,'002428,云南锗业,22.68,23.48,22.38,23.09,23.39,-0.71,-3.0355,5.5598,10652038,242295073.66,7406380800.0,4345233984.0
2012-09-24,'002428,云南锗业,23.39,23.39,20.64,20.9,21.26,2.13,10.0188,5.9232,11348171,257190499.57,7638238400.0,4481262032.0
2012-09-21,'002428,云南锗业,21.26,21.76,20.85,20.96,20.95,0.31,1.4797,2.0858,3996229,85390477.68,6942665600.0,4073177888.0
2012-09-20,'002428,云南锗业,20.95,21.8,20.92,21.7,21.95,-1.0,-4.5558,2.2678,4344824,92660953.5,6841432000.0,4013785360.0
2012-09-19,'002428,云南锗业,21.95,22.0,21.05,21.28,21.16,0.79,3.7335,2.3836,4566718,98256809.01,7167992000.0,4205374160.0
2012-09-18,'002428,云南锗业,21.16,21.7,20.9,21.7,22.13,-0.97,-4.3832,3.4806,6668358,141793427.07,6910009600.0,4054019008.0
2012-09-17,'002428,云南锗业,22.13,23.15,22.02,22.45,22.4,-0.27,-1.2054,3.7127,7113092,160506160.57,7226772800.0,4239860144.0
2012-09-14,'002428,云南锗业,22.4,23.36,22.2,23.04,22.09,0.31,1.4033,5.3266,10205209,232264684.03,7314944000.0,4291589120.0
2012-09-13,'002428,云南锗业,22.09,22.75,22.02,22.7,22.69,-0.6,-2.6443,3.0747,5890852,131465081.42,7213710400.0,4232196592.0
2012-09-12,'002428,云南锗业,22.69,23.94,22.42,22.9,22.15,0.54,2.4379,5.7048,10929701,252666874.35,7409646400.0,4347149872.0
2012-09-11,'002428,云南锗业,22.15,22.22,21.81,22.0,22.35,-0.2,-0.8949,2.126,4073127,89625659.52,7233304000.0,4243691920.0
2012-09-10,'002428,云南锗业,22.35,22.88,21.86,22.16,22.0,0.35,1.5909,4.341,8316848,185811559.89,7298616000.0,4282009680.0
2012-09-07,'002428,云南锗业,22.0,22.6,21.1,21.28,20.98,1.02,4.8618,5.3397,10230222,223744741.87,7184320000.0,4214953600.0
2012-09-06,'002428,云南锗业,20.98,21.28,20.8,21.03,21.05,-0.07,-0.3325,2.1098,4042232,84772675.65,6851228800.0,4019533024.0
2012-09-05,'002428,云南锗业,21.05,21.26,20.3,20.53,20.52,0.53,2.5828,4.0072,7677257,160570519.32,6874088000.0,4032944240.0
2012-09-04,'002428,云南锗业,20.52,21.39,20.15,20.29,20.3,0.22,1.0837,4.0556,7770133,160982989.48,6701011200.0,3931402176.0
2012-09-03,'002428,云南锗业,20.3,20.45,19.51,19.59,19.56,0.74,3.7832,2.2419,4295264,86392005.36,6629168000.0,3889252640.0
2012-08-31,'002428,云南锗业,19.56,20.05,19.25,19.73,19.86,-0.3,-1.5106,1.0366,1986079,39001878.91,6387513600.0,3747476928.0
2012-08-30,'002428,云南锗业,19.86,20.27,19.21,19.83,20.11,-0.25,-1.2432,1.8312,3508297,69615339.8,6485481600.0,3804953568.0
2012-08-29,'002428,云南锗业,20.11,20.36,19.02,19.34,19.41,0.7,3.6064,2.2966,4399946,87131486.35,6567121600.0,3852850768.0
2012-08-28,'002428,云南锗业,19.41,19.6,18.85,19.18,19.08,0.33,1.7296,0.9703,1858964,35843366.64,6338529600.0,3718738608.0
2012-08-27,'002428,云南锗业,19.08,19.95,19.06,19.66,19.66,-0.58,-2.9502,1.3186,2526303,49152686.68,6230764800.0,3655514304.0
2012-08-24,'002428,云南锗业,19.66,20.1,19.59,20.05,20.2,-0.54,-2.6733,1.169,2239642,44477309.7,6420169600.0,3766635808.0
2012-08-23,'002428,云南锗业,20.2,20.55,19.7,19.7,19.65,0.55,2.799,2.0323,3893603,78608301.69,6596512000.0,3870093760.0
2012-08-22,'002428,云南锗业,19.65,19.98,19.47,19.98,19.98,-0.33,-1.6517,0.966,1850668,36455795.46,6416904000.0,3764719920.0
2012-08-21,'002428,云南锗业,19.98,19.99,18.98,19.04,19.08,0.9,4.717,1.6269,3116946,60951088.51,6524668800.0,3827944224.0
2012-08-20,'002428,云南锗业,19.08,19.25,18.6,19.0,19.13,-0.05,-0.2614,0.9585,1836471,34625179.13,6230764800.0,3655514304.0
2012-08-17,'002428,云南锗业,19.13,19.19,18.88,19.0,19.02,0.11,0.5783,0.6181,1184261,22541717.12,6247092800.0,3665093744.0
2012-08-16,'002428,云南锗业,19.02,19.38,18.91,19.2,19.28,-0.26,-1.3485,0.8505,1629420,31145839.65,6211171200.0,3644018976.0
2012-08-15,'002428,云南锗业,19.28,19.86,19.11,19.68,19.68,-0.4,-2.0325,0.9849,1887022,36838920.35,6296076800.0,3693832064.0
2012-08-14,'002428,云南锗业,19.68,19.74,18.93,19.5,19.49,0.19,0.9749,1.3775,2639130,51228054.8,6426700800.0,3770467584.0
2012-08-13,'002428,云南锗业,19.49,20.37,19.44,20.18,20.39,-0.9,-4.4139,2.08,3985020,79353166.82,6364654400.0,3734065712.0
2012-08-10,'002428,云南锗业,20.39,20.61,20.12,20.28,20.4,-0.01,-0.049,1.6122,3088831,62959007.3,6658558400.0,3906495632.0
2012-08-09,'002428,云南锗业,20.4,20.72,19.74,20.3,20.37,0.03,0.1473,2.1626,4143346,83776156.92,6661824000.0,3908411520.0
2012-08-08,'002428,云南锗业,20.37,21.2,19.8,20.1,20.05,0.32,1.596,3.1174,5972499,123272434.82,6652027200.0,3902663856.0
2012-08-07,'002428,云南锗业,20.05,20.38,19.66,19.85,19.86,0.19,0.9567,2.4401,4674961,93729466.82,6547528000.0,3841355440.0
2012-08-06,'002428,云南锗业,19.86,19.94,18.19,18.25,18.4,1.46,7.9348,2.7986,5361850,102809150.29,6485481600.0,3804953568.0
2012-08-03,'002428,云南锗业,18.4,18.43,17.81,18.24,18.12,0.28,1.5453,1.4477,2773618,50616116.21,6008704000.0,3525233920.0
2012-08-02,'002428,云南锗业,18.12,18.76,18.02,18.26,17.85,0.27,1.5126,1.7796,3409533,62471927.44,5917267200.0,3471589056.0
2012-08-01,'002428,云南锗业,17.85,18.28,17.55,17.55,17.74,0.11,0.6201,1.8172,3481513,62695987.24,5829096000.0,3419860080.0
2012-07-31,'002428,云南锗业,17.74,19.55,17.64,19.45,19.55,-1.81,-9.2583,2.5527,4890690,88714505.7,5793174400.0,3398785312.0
2012-07-30,'002428,云南锗业,19.55,20.17,19.5,20.05,20.05,-0.5,-2.4938,1.1749,2250969,44601590.35,6384248000.0,3745561040.0
2012-07-27,'002428,云南锗业,20.05,20.36,19.81,20.26,20.1,-0.05,-0.2488,1.0217,1957468,39205053.9,6547528000.0,3841355440.0
2012-07-26,'002428,云南锗业,20.1,20.38,20.0,20.2,20.05,0.05,0.2494,1.1289,2162811,43620012.96,6563856000.0,3850934880.0
2012-07-25,'002428,云南锗业,20.05,20.34,20.0,20.18,20.28,-0.23,-1.1341,1.1848,2269966,45589139.28,6547528000.0,3841355440.0
2012-07-24,'002428,云南锗业,20.28,20.44,19.99,20.2,20.23,0.05,0.2472,1.297,2484953,50224400.02,6622636800.0,3885420864.0
2012-07-23,'002428,云南锗业,20.23,20.57,19.99,20.5,20.75,-0.52,-2.506,1.3043,2498827,50651975.47,6606308800.0,3875841424.0
2012-07-20,'002428,云南锗业,20.75,21.19,20.58,21.05,21.11,-0.36,-1.7054,1.1431,2190049,45596638.57,6776120000.0,3975467600.0
2012-07-19,'002428,云南锗业,21.11,21.46,20.81,20.97,20.99,0.12,0.5717,1.3893,2661662,56516680.08,6893681600.0,4044439568.0
2012-07-18,'002428,云南锗业,20.99,21.08,20.36,20.9,21.06,-0.07,-0.3324,1.4205,2721464,56402530.68,6854494400.0,4021448912.0
2012-07-17,'002428,云南锗业,21.06,21.26,20.6,20.89,21.09,-0.03,-0.1422,1.2383,2372528,49623954.71,6877353600.0,4034860128.0
2012-07-16,'002428,云南锗业,21.09,22.78,21.0,22.55,22.5,-1.41,-6.2667,3.3956,6505570,139000452.2,6887150400.0,4040607792.0
2012-07-13,'002428,云南锗业,22.5,23.25,22.36,22.59,22.6,-0.1,-0.4425,3.3493,6416920,146357186.07,7347600000.0,4310748000.0
2012-07-12,'002428,云南锗业,22.6,23.05,21.6,22.05,22.15,0.45,2.0316,3.7494,7183413,162039736.21,7380256000.0,4329906880.0
2012-07-11,'002428,云南锗业,22.15,22.44,21.8,22.15,22.3,-0.15,-0.6726,1.6605,3181281,70410322.24,7233304000.0,4243691920.0
2012-07-10,'002428,云南锗业,22.3,22.5,21.33,21.6,22.1,0.2,0.905,2.5857,4953935,108368459.15,7282288000.0,4272430240.0
2012-07-09,'002428,云南锗业,22.1,23.0,21.66,21.76,21.29,0.81,3.8046,5.0966,9764545,219178317.71,7216976000.0,4234112480.0
2012-07-06,'002428,云南锗业,21.29,21.36,20.24,20.69,20.82,0.47,2.2574,1.559,2986810,62012588.37,6952462400.0,4078925552.0
2012-07-05,'002428,云南锗业,20.82,21.4,20.5,21.4,21.31,-0.49,-2.2994,1.2952,2481408,51442976.83,6798979200.0,3988878816.0
2012-07-04,'002428,云南锗业,21.31,21.58,21.15,21.4,21.17,0.14,0.6613,0.7502,1437341,30660193.25,6958993600.0,4082757328.0
2012-07-03,'002428,云南锗业,21.17,21.64,20.98,21.4,21.2,-0.03,-0.1415,1.1149,2135979,45413684.91,6913275200.0,4055934896.0
2012-07-02,'002428,云南锗业,21.2,21.65,21.0,21.13,20.93,0.27,1.29,1.4349,2749057,58644096.33,6923072000.0,4061682560.0
2012-06-29,'002428,云南锗业,20.93,20.97,19.88,20.01,20.15,0.78,3.871,1.3117,2513051,51466283.78,6834900800.0,4009953584.0
2012-06-28,'002428,云南锗业,20.15,20.8,20.1,20.7,20.49,-0.34,-1.6593,0.8855,1696509,34614501.56,6580184000.0,3860514320.0
2012-06-27,'002428,云南锗业,20.49,21.2,20.48,21.07,20.94,-0.45,-2.149,1.2557,2405711,50159637.81,6691214400.0,3925654512.0
2012-06-26,'002428,云南锗业,20.94,21.16,20.37,20.79,21.0,-0.06,-0.2857,1.3964,2675338,55549137.55,6838166400.0,4011869472.0
2012-06-25,'002428,云南锗业,21.0,21.98,20.96,21.98,22.1,-1.1,-4.9774,1.4425,2763706,59381828.87,6857760000.0,4023364800.0
2012-06-21,'002428,云南锗业,22.1,22.44,22.01,22.4,22.45,-0.35,-1.559,1.0443,2000771,44316830.61,7216976000.0,4234112480.0
2012-06-20,'002428,云南锗业,22.45,22.89,22.41,22.52,22.5,-0.05,-0.2222,1.1151,2136409,48460409.15,7331272000.0,4301168560.0
2012-06-19,'002428,云南锗业,22.5,22.9,22.5,22.9,22.91,-0.41,-1.7896,1.1355,2175422,49201210.83,7347600000.0,4310748000.0
2012-06-18,'002428,云南锗业,22.91,23.05,22.72,23.0,22.87,0.04,0.1749,1.379,2642077,60449317.9,7481489600.0,4389299408.0
2012-06-15,'002428,云南锗业,22.87,22.94,22.27,22.78,22.7,0.17,0.7489,1.8491,3542696,80153364.17,7468427200.0,4381635856.0
2012-06-14,'002428,云南锗业,22.7,23.3,22.62,23.28,23.29,-0.59,-2.5333,2.2835,4375021,100363942.14,7412912000.0,4349065760.0
2012-06-13,'002428,云南锗业,23.29,23.6,22.83,23.33,23.35,-0.06,-0.257,2.3904,4579829,106334546.67,7605582400.0,4462103152.0
2012-06-12,'002428,云南锗业,23.35,23.6,22.7,23.08,23.15,0.2,0.8639,3.2524,6231201,145099988.14,7625176000.0,4473598480.0
2012-06-11,'002428,云南锗业,23.15,23.26,22.28,22.28,22.42,0.73,3.256,2.5496,4884766,112211603.24,7559864000.0,4435280720.0
2012-06-08,'002428,云南锗业,22.42,23.13,22.37,23.0,22.9,-0.48,-2.0961,2.2774,4363189,99035746.61,7321475200.0,4295420896.0
2012-06-07,'002428,云南锗业,22.9,24.35,22.6,23.8,22.58,0.32,1.4172,4.5223,8664212,202976012.79,7478224000.0,4387383520.0
2012-06-06,'002428,云南锗业,22.58,22.99,21.95,21.95,21.79,0.79,3.6255,3.6377,6969424,157426689.97,7373724800.0,4326075104.0
2012-06-05,'002428,云南锗业,21.79,22.08,21.58,21.74,21.79,0.0,0.0,1.3251,2538720,55491642.76,7115742400.0,4174719952.0
2012-06-04,'002428,云南锗业,21.79,22.5,21.75,22.08,22.39,-0.6,-2.6798,2.2564,4323055,95447877.11,7115742400.0,4174719952.0
2012-06-01,'002428,云南锗业,22.39,22.42,22.0,22.0,21.93,0.46,2.0976,2.4956,4781257,106524162.93,7311678400.0,4289673232.0
2012-05-31,'002428,云南锗业,21.93,22.18,21.59,21.79,21.96,-0.03,-0.1366,1.389,2661223,58187767.57,7161460800.0,4201542384.0
2012-05-30,'002428,云南锗业,21.96,22.2,21.88,22.1,22.14,-0.18,-0.813,1.4802,2835970,62329806.6,7171257600.0,4207290048.0
2012-05-29,'002428,云南锗业,22.14,22.39,21.2,21.3,21.3,0.84,3.9437,3.1382,6012351,132293282.84,7230038400.0,4241776032.0
2012-05-28,'002428,云南锗业,21.3,21.4,20.34,20.68,21.01,0.29,1.3803,1.5962,3058185,63817891.01,6955728000.0,4080841440.0
2012-05-25,'002428,云南锗业,21.01,21.94,20.9,21.71,21.7,-0.69,-3.1797,1.9442,3724864,79428696.38,6861025600.0,4025280688.0
2012-05-24,'002428,云南锗业,21.7,22.11,21.61,21.78,22.0,-0.3,-1.3636,1.4665,2809691,61302907.25,7086352000.0,4157476960.0
2012-05-23,'002428,云南锗业,22.0,22.36,21.85,22.09,22.15,-0.15,-0.6772,1.8482,3540922,78311387.9,7184320000.0,4214953600.0
2012-05-22,'002428,云南锗业,22.15,22.36,21.85,22.1,21.93,0.22,1.0032,1.4249,2729871,60329991.32,7233304000.0,4243691920.0
2012-05-21,'002428,云南锗业,21.93,22.4,21.53,21.8,21.78,0.15,0.6887,1.9702,3774714,82965953.31,7161460800.0,4201542384.0
2012-05-18,'002428,云南锗业,21.78,22.5,21.73,22.38,22.57,-0.79,-3.5002,2.3535,4509055,99198909.31,7112476800.0,4172804064.0
2012-05-17,'002428,云南锗业,22.57,22.6,21.95,22.11,22.1,0.47,2.1267,1.7833,3416539,76290886.17,7370459200.0,4324159216.0
2012-05-16,'002428,云南锗业,22.1,22.46,22.08,22.24,22.23,-0.13,-0.5848,1.6834,3225143,71771285.17,7216976000.0,4234112480.0
2012-05-15,'002428,云南锗业,22.23,22.4,21.9,22.2,22.58,-0.35,-1.55,2.2324,4277054,94499508.3,7259428800.0,4259019024.0
2012-05-14,'002428,云南锗业,22.58,23.38,22.5,23.19,22.88,-0.3,-1.3112,3.2069,6144099,141172805.31,7373724800.0,4326075104.0
2012-05-11,'002428,云南锗业,22.88,24.05,22.3,22.45,22.5,0.38,1.6889,4.6607,8929375,207795792.62,7471692800.0,4383551744.0
2012-05-10,'002428,云南锗业,22.5,22.8,22.25,22.38,22.45,0.05,0.2227,1.9246,3687274,83177782.62,7347600000.0,4310748000.0
2012-05-09,'002428,云南锗业,22.45,22.95,22.41,22.86,23.15,-0.7,-3.0238,2.8565,5472654,123978859.9,7331272000.0,4301168560.0
2012-05-08,'002428,云南锗业,23.15,23.48,22.52,23.35,23.24,-0.09,-0.3873,3.5802,6859175,157288774.06,7559864000.0,4435280720.0
2012-05-07,'002428,云南锗业,23.24,23.52,22.9,23.15,23.54,-0.3,-1.2744,3.7585,7200809,167067292.9,7589254400.0,4452523712.0
2012-05-04,'002428,云南锗业,23.54,23.56,22.51,22.98,22.72,0.82,3.6092,3.5434,6788836,155869835.13,7687222400.0,4510000352.0
2012-05-03,'002428,云南锗业,22.72,23.1,22.25,22.5,22.58,0.14,0.62,3.4618,6632419,151174808.61,7419443200.0,4352897536.0
2012-05-02,'002428,云南锗业,22.58,23.25,21.71,22.15,21.6,0.98,4.537,4.4338,8494640,191276323.96,7373724800.0,4326075104.0
2012-04-27,'002428,云南锗业,21.6,22.0,21.38,21.75,22.08,-0.48,-2.1739,2.3263,4456886,96704974.49,7053696000.0,4138318080.0
2012-04-26,'002428,云南锗业,22.08,22.95,20.9,21.03,21.38,0.7,3.2741,5.7156,10950510,241504642.59,7210444800.0,4230280704.0
2012-04-25,'002428,云南锗业,21.38,21.8,20.88,21.39,21.25,0.13,0.6118,2.3839,4567301,97463713.97,6981852800.0,4096168544.0
2012-04-24,'002428,云南锗业,21.25,21.72,20.36,21.33,21.88,-0.63,-2.8793,3.0273,5800014,121276621.62,6939400000.0,4071262000.0
2012-04-23,'002428,云南锗业,43.85,45.5,43.08,44.1,43.85,0.0,0.0,3.5402,3391317,150581840.14,7159828000.0,4200584440.0
2012-04-20,'002428,云南锗业,43.85,44.38,43.28,43.55,43.63,0.22,0.5042,2.6553,2543590,111280842.32,7159828000.0,4200584440.0
2012-04-19,'002428,云南锗业,43.63,44.48,43.46,44.12,44.3,-0.67,-1.5124,2.1098,2021110,88747251.87,7123906400.0,4179509672.0
2012-04-18,'002428,云南锗业,44.3,45.12,43.0,43.58,43.0,1.3,3.0233,3.666,3511865,154541350.65,7233304000.0,4243691920.0
2012-04-17,'002428,云南锗业,43.0,44.11,42.2,42.2,42.2,0.8,1.8957,3.7151,3558825,154658188.4,7021040000.0,4119159200.0
2012-04-16,'002428,云南锗业,42.2,42.78,41.86,42.45,43.0,-0.8,-1.8605,2.5148,2409051,101645607.85,6890416000.0,4042523680.0
2012-04-13,'002428,云南锗业,43.0,43.37,40.63,40.97,39.7,3.3,8.3123,5.7477,5506008,231376515.38,7021040000.0,4119159200.0
2012-04-12,'002428,云南锗业,0.0,0.0,0.0,0.0,39.7,None,None,0.0,0,0.0,6482216000.0,3803037680.0
2012-04-11,'002428,云南锗业,39.7,40.4,39.13,39.35,40.4,-0.7,-1.7327,1.5215,1457555,57989052.1,6482216000.0,3803037680.0
2012-04-10,'002428,云南锗业,40.4,40.45,37.68,39.12,39.5,0.9,2.2785,2.4741,2370073,91673804.05,6596512000.0,3870093760.0
2012-04-09,'002428,云南锗业,39.5,40.46,39.14,39.6,39.95,-0.45,-1.1264,1.6128,1544932,61509860.1,6449560000.0,3783878800.0
2012-04-06,'002428,云南锗业,39.95,40.78,39.52,40.1,40.43,-0.48,-1.1872,2.5457,2438675,97957346.92,6523036000.0,3826986280.0
2012-04-05,'002428,云南锗业,40.43,40.5,38.4,38.59,38.59,1.84,4.7681,2.5789,2470488,97999518.21,6601410400.0,3872967592.0
2012-03-30,'002428,云南锗业,38.59,40.72,38.13,39.95,40.29,-1.7,-4.2194,2.7116,2597588,101643277.08,6300975200.0,3696705896.0
2012-03-29,'002428,云南锗业,40.29,40.5,38.5,38.89,39.9,0.39,0.9774,3.2238,3088181,122344143.08,6578551200.0,3859556376.0
2012-03-28,'002428,云南锗业,39.9,42.4,39.77,42.1,42.7,-2.8,-6.5574,3.9509,3784760,154582888.66,6514872000.0,3822196560.0
2012-03-27,'002428,云南锗业,42.7,44.45,42.67,43.32,43.06,-0.36,-0.836,3.8003,3640522,157637762.12,6972056000.0,4090420880.0
2012-03-26,'002428,云南锗业,43.06,44.2,41.05,41.23,41.23,1.83,4.4385,4.449,4261931,182144067.66,7030836800.0,4124906864.0
2012-03-23,'002428,云南锗业,41.23,42.89,41.0,42.0,42.67,-1.44,-3.3747,3.5486,3399315,142417973.49,6732034400.0,3949603112.0
2012-03-22,'002428,云南锗业,42.67,44.24,42.25,43.55,44.15,-1.48,-3.3522,3.8757,3712741,159654184.79,6967157600.0,4087547048.0
2012-03-21,'002428,云南锗业,44.15,46.38,41.81,42.0,42.16,1.99,4.7201,8.0608,7721824,342482157.55,7208812000.0,4229322760.0
2012-03-20,'002428,云南锗业,42.16,43.28,42.16,43.2,43.79,-1.63,-3.7223,5.2015,4982711,212854946.01,6883884800.0,4038691904.0
2012-03-19,'002428,云南锗业,43.79,43.8,41.18,41.45,41.47,2.32,5.5944,8.6624,8298104,350325970.49,7150031200.0,4194836776.0
2012-03-16,'002428,云南锗业,41.47,41.47,40.01,40.01,37.7,3.77,10.0,9.9299,9512240,392532353.7,6771221600.0,3972593768.0
2012-03-15,'002428,云南锗业,37.7,38.28,36.7,37.6,37.8,-0.1,-0.2646,3.0035,2877212,108269487.88,6155656000.0,3611448880.0
2012-03-14,'002428,云南锗业,37.8,41.3,37.03,40.1,40.0,-2.2,-5.5,4.6452,4449841,174655317.15,6171984000.0,3621028320.0
2012-03-13,'002428,云南锗业,40.0,40.47,39.5,40.4,40.33,-0.33,-0.8182,1.9792,1895929,75672799.94,6531200000.0,3831776000.0
2012-03-12,'002428,云南锗业,40.33,41.46,39.88,40.16,39.99,0.34,0.8502,3.1874,3053344,124039675.61,6585082400.0,3863388152.0
2012-03-09,'002428,云南锗业,39.99,39.99,38.66,39.2,39.03,0.96,2.4596,3.0472,2919016,114766085.81,6529567200.0,3830818056.0
2012-03-08,'002428,云南锗业,39.03,39.95,38.28,38.28,38.28,0.75,1.9592,2.6737,2561295,100517666.49,6372818400.0,3738855432.0
2012-03-07,'002428,云南锗业,38.28,39.45,38.15,38.9,39.94,-1.66,-4.1562,3.1801,3046363,118051642.9,6250358400.0,3667009632.0
2012-03-06,'002428,云南锗业,39.94,41.0,38.65,40.01,39.79,0.15,0.377,4.6423,4447025,176997003.81,6521403200.0,3826028336.0
2012-03-05,'002428,云南锗业,39.79,40.68,38.36,38.38,38.74,1.05,2.7104,4.5027,4313298,171492003.84,6496911200.0,3811659176.0
2012-03-02,'002428,云南锗业,38.74,40.39,37.65,37.68,37.51,1.23,3.2791,4.2213,4043755,157824030.7,6325467200.0,3711075056.0
2012-03-01,'002428,云南锗业,37.51,37.58,36.01,36.23,36.52,0.99,2.7108,3.3436,3202945,118559823.73,6124632800.0,3593247944.0
2012-02-29,'002428,云南锗业,36.52,37.41,35.9,36.11,36.16,0.36,0.9956,3.017,2890086,106478194.22,5962985600.0,3498411488.0
2012-02-28,'002428,云南锗业,36.16,36.75,35.85,36.6,37.0,-0.84,-2.2703,2.7095,2595517,94028363.75,5904204800.0,3463925504.0
2012-02-27,'002428,云南锗业,37.0,37.99,37.0,37.21,37.1,-0.1,-0.2695,4.3449,4162123,155988836.22,6041360000.0,3544392800.0
2012-02-24,'002428,云南锗业,37.1,37.5,36.4,36.41,36.41,0.69,1.8951,3.7632,3604978,133168121.59,6057688000.0,3553972240.0
2012-02-23,'002428,云南锗业,36.41,36.98,35.94,35.94,35.92,0.49,1.3641,3.8239,3663109,133851215.46,5945024800.0,3487874104.0
2012-02-22,'002428,云南锗业,35.92,36.05,35.3,35.45,35.45,0.47,1.3258,2.7267,2611995,93334955.28,5865017600.0,3440934848.0
2012-02-21,'002428,云南锗业,35.45,35.5,34.27,35.12,35.2,0.25,0.7102,2.5179,2412034,84291248.58,5788276000.0,3395911480.0
2012-02-20,'002428,云南锗业,35.2,35.98,35.11,35.85,35.2,0.0,0.0,2.4021,2301055,82019383.91,5747456000.0,3371962880.0
2012-02-17,'002428,云南锗业,35.2,35.9,34.87,35.7,35.4,-0.2,-0.565,2.0144,1929691,68170421.18,5747456000.0,3371962880.0
2012-02-16,'002428,云南锗业,35.4,36.22,35.0,36.0,36.18,-0.78,-2.1559,2.7764,2659652,94613180.44,5780112000.0,3391121760.0
2012-02-15,'002428,云南锗业,36.18,36.86,35.24,35.45,35.45,0.73,2.0592,3.5822,3431513,124486019.34,5907470400.0,3465841392.0
2012-02-14,'002428,云南锗业,35.45,35.88,35.05,35.86,35.7,-0.25,-0.7003,1.6409,1571936,55630596.02,5788276000.0,3395911480.0
2012-02-13,'002428,云南锗业,35.7,36.35,34.8,34.99,35.78,-0.08,-0.2236,2.1608,2069972,74139455.47,5829096000.0,3419860080.0
2012-02-10,'002428,云南锗业,35.78,36.3,35.03,35.65,35.65,0.13,0.3647,2.7051,2591306,92833631.2,5842158400.0,3427523632.0
2012-02-09,'002428,云南锗业,35.65,36.49,35.6,36.1,36.48,-0.83,-2.2752,4.1107,3937866,141608938.3,5820932000.0,3415070360.0
2012-02-08,'002428,云南锗业,36.48,37.21,33.26,33.72,34.05,2.43,7.1366,5.8696,5622782,200363141.53,5956454400.0,3494579712.0
2012-02-07,'002428,云南锗业,34.05,34.14,32.65,33.6,34.01,0.04,0.1176,2.9843,2858804,94996693.05,5559684000.0,3261799320.0
2012-02-06,'002428,云南锗业,34.01,35.08,33.75,35.0,34.7,-0.69,-1.9885,2.488,2383344,82026908.29,5553152800.0,3257967544.0
2012-02-03,'002428,云南锗业,34.7,35.09,33.98,34.58,34.85,-0.15,-0.4304,2.6561,2544430,88144883.1,5665816000.0,3324065680.0
2012-02-02,'002428,云南锗业,34.85,35.0,33.55,34.0,33.65,1.2,3.5661,3.2207,3085281,105922540.69,5690308000.0,3338434840.0
2012-02-01,'002428,云南锗业,33.65,34.75,33.3,34.0,34.41,-0.76,-2.2087,2.7794,2662491,90405068.28,5494372000.0,3223481560.0
2012-01-31,'002428,云南锗业,34.41,34.98,33.58,34.15,34.29,0.12,0.35,2.9938,2867852,98823027.37,5618464800.0,3296285304.0
2012-01-30,'002428,云南锗业,34.29,35.67,34.25,35.2,35.28,-0.99,-2.8061,4.374,4190015,145333440.69,5598871200.0,3284789976.0
2012-01-20,'002428,云南锗业,35.28,36.5,34.9,36.0,36.08,-0.8,-2.2173,5.0167,4805754,170019772.48,5760518400.0,3379626432.0
2012-01-19,'002428,云南锗业,36.08,36.08,32.25,32.74,32.8,3.28,10.0,6.3474,6080450,209903191.33,5891142400.0,3456261952.0
2012-01-18,'002428,云南锗业,32.8,35.4,32.35,33.82,32.32,0.48,1.4851,6.1793,5919407,199550599.2,5355584000.0,3142056320.0
2012-01-17,'002428,云南锗业,32.32,32.32,29.32,29.32,29.38,2.94,10.0068,4.2031,4026361,126344538.03,5277209600.0,3096075008.0
2012-01-16,'002428,云南锗业,29.38,31.95,29.36,31.95,32.08,-2.7,-8.4165,2.9061,2783870,85145153.73,4797166400.0,2814439472.0
2012-01-13,'002428,云南锗业,32.08,33.3,31.0,31.4,31.6,0.48,1.519,5.1249,4909361,157096436.35,5238022400.0,3073084352.0
2012-01-12,'002428,云南锗业,31.6,33.86,30.81,31.45,31.51,0.09,0.2856,4.7234,4524797,145484716.44,5159648000.0,3027103040.0
2012-01-11,'002428,云南锗业,31.51,31.59,30.4,31.59,31.41,0.1,0.3184,3.7655,3607173,111961399.09,5144952800.0,3018481544.0
2012-01-10,'002428,云南锗业,31.41,31.41,28.38,28.5,28.55,2.86,10.0175,3.6934,3538111,105633085.59,5128624800.0,3008902104.0
2012-01-09,'002428,云南锗业,28.55,28.99,25.96,26.7,26.75,1.8,6.729,2.2637,2168494,60354917.82,4661644000.0,2734930120.0
2012-01-06,'002428,云南锗业,26.75,26.9,25.21,26.21,26.37,0.38,1.441,1.987,1903419,49234350.6,4367740000.0,2562500200.0
2012-01-05,'002428,云南锗业,26.37,28.6,26.15,28.5,28.98,-2.61,-9.0062,1.9494,1867412,51026377.78,4305693600.0,2526098328.0
2012-01-04,'002428,云南锗业,28.98,30.88,28.92,30.55,30.39,-1.41,-4.6397,1.4817,1419338,42636902.22,4731854400.0,2776121712.0
2011-12-30,'002428,云南锗业,30.39,30.58,29.69,29.9,29.65,0.74,2.4958,1.6677,1597600,48315446.41,4962079200.0,2911191816.0
2011-12-29,'002428,云南锗业,29.65,30.6,29.6,30.0,30.45,-0.8,-2.6273,1.3213,1265735,38002247.72,4841252000.0,2840303960.0
2011-12-28,'002428,云南锗业,30.45,31.5,29.6,30.62,31.23,-0.78,-2.4976,1.3411,1284653,38870543.88,4971876000.0,2916939480.0
2011-12-27,'002428,云南锗业,31.23,32.43,31.2,32.4,32.43,-1.2,-3.7003,0.8246,789897,25066789.35,5099234400.0,2991659112.0
2011-12-26,'002428,云南锗业,32.43,33.38,32.05,32.05,32.98,-0.55,-1.6677,0.5952,570144,18711374.15,5295170400.0,3106612392.0
2011-12-23,'002428,云南锗业,32.98,33.61,32.56,32.8,33.0,-0.02,-0.0606,0.726,695477,23059050.36,5384974400.0,3159299312.0
2011-12-22,'002428,云南锗业,33.0,33.75,31.59,33.22,33.51,-0.51,-1.5219,1.3249,1269224,41343678.58,5388240000.0,3161215200.0
2011-12-21,'002428,云南锗业,33.51,35.96,33.49,35.72,35.22,-1.71,-4.8552,1.2214,1170059,40627681.3,5471512800.0,3210070344.0
2011-12-20,'002428,云南锗业,35.22,35.87,35.03,35.5,35.61,-0.39,-1.0952,1.1251,1077818,38187066.05,5750721600.0,3373878768.0
2011-12-19,'002428,云南锗业,35.61,35.76,34.0,34.92,34.91,0.7,2.0052,1.5801,1513609,53285332.52,5814400800.0,3411238584.0
2011-12-16,'002428,云南锗业,34.91,34.97,33.48,33.73,33.43,1.48,4.4272,1.1733,1123914,38376259.99,5700104800.0,3344182504.0
2011-12-15,'002428,云南锗业,33.43,34.3,33.35,34.3,34.63,-1.2,-3.4652,1.413,1353612,45741841.71,5458450400.0,3202406792.0
2011-12-14,'002428,云南锗业,34.63,36.8,34.5,36.3,36.3,-1.67,-4.6006,1.5911,1524154,54072255.91,5654386400.0,3317360072.0
2011-12-13,'002428,云南锗业,36.3,37.32,36.3,37.07,37.7,-1.4,-3.7135,1.2975,1242949,45472367.33,5927064000.0,3477336720.0
2011-12-12,'002428,云南锗业,37.7,38.28,37.26,37.38,37.2,0.5,1.3441,1.2447,1192359,45058398.02,6155656000.0,3611448880.0
2011-12-09,'002428,云南锗业,37.2,37.78,37.01,37.37,37.87,-0.67,-1.7692,1.3744,1316607,49047589.16,6074016000.0,3563551680.0
2011-12-08,'002428,云南锗业,37.87,38.49,36.42,37.9,37.93,-0.06,-0.1582,2.3718,2272082,84969118.71,6183413600.0,3627733928.0
2011-12-07,'002428,云南锗业,37.93,38.88,37.5,38.15,38.59,-0.66,-1.7103,1.652,1582511,60419516.83,6193210400.0,3633481592.0
2011-12-06,'002428,云南锗业,38.59,39.5,36.8,37.78,38.19,0.4,1.0474,3.1791,3045385,115281621.37,6300975200.0,3696705896.0
2011-12-05,'002428,云南锗业,38.19,41.61,38.07,41.46,42.3,-4.11,-9.7163,4.4264,4240217,168344828.24,6235663200.0,3658388136.0
2011-12-02,'002428,云南锗业,42.3,44.0,42.28,44.0,44.62,-2.32,-5.1995,3.1774,3043777,130390540.64,6906744000.0,4052103120.0
2011-12-01,'002428,云南锗业,44.62,46.35,44.21,44.9,43.25,1.37,3.1676,6.4553,6183786,280533481.65,7285553600.0,4274346128.0
2011-11-30,'002428,云南锗业,43.25,44.8,41.6,43.1,43.58,-0.33,-0.7572,5.7616,5519254,239985031.21,7061860000.0,4143107800.0
2011-11-29,'002428,云南锗业,43.58,44.49,42.6,44.48,43.91,-0.33,-0.7515,4.067,3895916,168459187.52,7115742400.0,4174719952.0
2011-11-28,'002428,云南锗业,43.91,44.99,40.64,40.98,41.1,2.81,6.837,5.839,5593459,240385171.86,7169624800.0,4206332104.0
2011-11-25,'002428,云南锗业,41.1,42.58,39.0,39.29,38.78,2.32,5.9825,3.9638,3797086,156179796.21,6710808000.0,3937149840.0
2011-11-24,'002428,云南锗业,38.78,39.6,38.7,39.4,39.7,-0.92,-2.3174,1.3376,1281341,50116602.63,6331998400.0,3714906832.0
2011-11-23,'002428,云南锗业,39.7,40.35,39.29,40.13,40.16,-0.46,-1.1454,1.3131,1257856,49986804.25,6482216000.0,3803037680.0
2011-11-22,'002428,云南锗业,40.16,40.8,39.31,39.5,40.98,-0.82,-2.001,2.4924,2387599,95721987.06,6557324800.0,3847103104.0
2011-11-21,'002428,云南锗业,40.98,41.05,37.81,37.82,37.32,3.66,9.8071,5.0787,4865157,197166130.27,6691214400.0,3925654512.0
2011-11-18,'002428,云南锗业,37.32,37.6,36.7,37.6,37.88,-0.56,-1.4784,1.0829,1037355,38602307.29,6093609600.0,3575047008.0
2011-11-17,'002428,云南锗业,37.88,38.79,37.53,38.32,38.48,-0.6,-1.5593,0.9458,906016,34479459.58,6185046400.0,3628691872.0
2011-11-16,'002428,云南锗业,38.48,40.25,38.2,40.01,40.0,-1.52,-3.8,0.984,942650,37011132.05,6283014400.0,3686168512.0
2011-11-15,'002428,云南锗业,40.0,40.24,39.52,39.8,39.88,0.12,0.3009,0.8289,794075,31754333.65,6531200000.0,3831776000.0
2011-11-14,'002428,云南锗业,39.88,39.94,39.07,39.15,38.86,1.02,2.6248,1.0597,1015106,40253338.3,6511606400.0,3820280672.0
2011-11-11,'002428,云南锗业,38.86,39.21,38.68,39.2,38.99,-0.13,-0.3334,0.5653,541526,21110691.03,6345060800.0,3722570384.0
2011-11-10,'002428,云南锗业,38.99,39.45,38.9,39.39,39.92,-0.93,-2.3297,0.7997,766038,29992706.9,6366287200.0,3735023656.0
2011-11-09,'002428,云南锗业,39.92,39.98,39.0,39.37,39.06,0.86,2.2017,0.8556,819663,32416982.75,6518137600.0,3824112448.0
2011-11-08,'002428,云南锗业,39.06,39.79,38.95,39.68,39.21,-0.15,-0.3826,0.6905,661453,26050900.56,6377716800.0,3741729264.0
2011-11-07,'002428,云南锗业,39.21,40.2,39.0,39.75,40.3,-1.09,-2.7047,1.1114,1064658,42182304.56,6402208800.0,3756098424.0
2011-11-04,'002428,云南锗业,40.3,42.0,39.98,40.66,39.39,0.91,2.3102,2.6059,2496345,102367752.99,6580184000.0,3860514320.0
2011-11-03,'002428,云南锗业,39.39,40.67,38.9,38.9,38.67,0.72,1.8619,1.7075,1635707,65258037.64,6431599200.0,3773341416.0
2011-11-02,'002428,云南锗业,38.67,38.68,37.22,37.9,38.47,0.2,0.5199,0.877,840072,31710981.29,6314037600.0,3704369448.0
2011-11-01,'002428,云南锗业,38.47,39.0,38.3,38.5,38.94,-0.47,-1.207,0.689,659999,25499537.27,6281381600.0,3685210568.0
2011-10-31,'002428,云南锗业,38.94,39.22,38.42,38.99,38.75,0.19,0.4903,0.6066,581112,22565491.83,6358123200.0,3730233936.0
2011-10-28,'002428,云南锗业,38.75,39.8,38.5,39.24,38.14,0.61,1.5994,1.0666,1021756,39802915.76,6327100000.0,3712033000.0
2011-10-27,'002428,云南锗业,38.14,39.0,37.76,38.2,38.33,-0.19,-0.4957,0.9537,913554,35126025.79,6227499200.0,3653598416.0
2011-10-26,'002428,云南锗业,38.33,39.3,37.0,37.38,37.71,0.62,1.6441,1.3251,1269381,48829597.53,6258522400.0,3671799352.0
2011-10-25,'002428,云南锗业,37.71,38.39,35.9,36.22,36.0,1.71,4.75,0.9399,900395,33478317.18,6157288800.0,3612406824.0
2011-10-24,'002428,云南锗业,36.0,36.43,34.44,36.0,35.74,0.26,0.7275,0.8685,831941,29607666.21,5878080000.0,3448598400.0
2011-10-21,'002428,云南锗业,35.74,36.7,35.65,36.15,36.65,-0.91,-2.4829,0.5594,535850,19353165.62,5835627200.0,3423691856.0
2011-10-20,'002428,云南锗业,36.65,37.98,36.34,37.62,37.62,-0.97,-2.5784,0.8193,784803,29123536.46,5984212000.0,3510864760.0
2011-10-19,'002428,云南锗业,37.62,38.29,37.32,38.04,37.9,-0.28,-0.7388,0.3822,366100,13820645.85,6142593600.0,3603785328.0
2011-10-18,'002428,云南锗业,37.9,38.7,37.88,38.61,39.01,-1.11,-2.8454,0.639,612120,23390240.15,6188312000.0,3630607760.0
2011-10-17,'002428,云南锗业,39.01,39.46,38.88,39.2,39.15,-0.14,-0.3576,0.4497,430767,16880359.66,6369552800.0,3736939544.0
2011-10-14,'002428,云南锗业,39.15,39.58,38.62,39.53,39.53,-0.38,-0.9613,0.469,449248,17562925.03,6392412000.0,3750350760.0
2011-10-13,'002428,云南锗业,39.53,40.0,38.8,38.88,38.82,0.71,1.829,0.9652,924636,36516813.21,6454458400.0,3786752632.0
2011-10-12,'002428,云南锗业,38.82,39.0,37.12,37.76,37.76,1.06,2.8072,0.78,747206,28792864.82,6338529600.0,3718738608.0
2011-10-11,'002428,云南锗业,37.76,39.1,37.3,38.75,37.75,0.01,0.0265,0.6199,593861,22836625.45,6165452800.0,3617196544.0
2011-10-10,'002428,云南锗业,37.75,38.5,37.55,38.5,37.52,0.23,0.613,0.4342,415912,15783354.79,6163820000.0,3616238600.0
2011-09-30,'002428,云南锗业,37.52,38.55,37.0,38.55,38.05,-0.53,-1.3929,0.5734,549308,20596779.14,6126265600.0,3594205888.0
2011-09-29,'002428,云南锗业,38.05,39.0,38.0,38.83,38.99,-0.94,-2.4109,0.5755,551339,21184097.41,6212804000.0,3644976920.0
2011-09-28,'002428,云南锗业,38.99,39.8,38.8,39.47,39.04,-0.05,-0.1281,0.6164,590494,23153707.57,6366287200.0,3735023656.0
2011-09-27,'002428,云南锗业,39.04,39.5,38.72,39.11,38.9,0.14,0.3599,0.4512,432265,16911553.92,6374451200.0,3739813376.0
2011-09-26,'002428,云南锗业,38.9,39.48,38.45,38.72,39.22,-0.32,-0.8159,0.6044,578999,22593163.22,6351592000.0,3726402160.0
2011-09-23,'002428,云南锗业,39.22,39.73,38.78,39.44,40.16,-0.94,-2.3406,0.8774,840463,32972117.64,6403841600.0,3757056368.0
2011-09-22,'002428,云南锗业,40.16,41.2,40.09,41.1,41.53,-1.37,-3.2988,0.9945,952714,38700816.03,6557324800.0,3847103104.0
2011-09-21,'002428,云南锗业,41.53,41.96,40.05,40.05,40.13,1.4,3.4887,1.4805,1418253,58354028.62,6781018400.0,3978341432.0
2011-09-20,'002428,云南锗业,40.13,40.8,40.0,40.11,40.12,0.01,0.0249,0.5591,535594,21579804.67,6552426400.0,3844229272.0
2011-09-19,'002428,云南锗业,40.12,40.94,40.12,40.94,40.84,-0.72,-1.763,0.6192,593172,23899323.34,6550793600.0,3843271328.0
2011-09-16,'002428,云南锗业,40.84,41.27,40.64,41.15,40.76,0.08,0.1963,0.4932,472491,19391887.42,6668355200.0,3912243296.0
2011-09-15,'002428,云南锗业,40.76,41.5,40.71,40.77,40.72,0.04,0.0982,0.6763,647852,26649995.54,6655292800.0,3904579744.0
2011-09-14,'002428,云南锗业,40.72,40.8,39.96,40.5,40.11,0.61,1.5208,0.5611,537529,21742763.17,6648761600.0,3900747968.0
2011-09-13,'002428,云南锗业,40.11,40.7,39.95,40.56,41.25,-1.14,-2.7636,0.8625,826230,33160605.71,6549160800.0,3842313384.0
2011-09-09,'002428,云南锗业,41.25,42.28,41.2,41.9,41.9,-0.65,-1.5513,0.4151,397618,16550167.4,6735300000.0,3951519000.0
2011-09-08,'002428,云南锗业,41.9,42.92,41.87,42.65,42.63,-0.73,-1.7124,0.6191,593082,25147492.43,6841432000.0,4013785360.0
2011-09-07,'002428,云南锗业,42.63,42.96,41.55,42.38,42.06,0.57,1.3552,0.9917,949958,40186040.13,6960626400.0,4083715272.0
2011-09-06,'002428,云南锗业,42.06,43.88,40.36,40.67,40.81,1.25,3.063,1.2523,1199667,50203848.39,6867556800.0,4029112464.0
2011-09-05,'002428,云南锗业,40.81,41.8,40.61,41.8,42.0,-1.19,-2.8333,0.8413,805921,33011242.38,6663456800.0,3909369464.0
2011-09-02,'002428,云南锗业,42.0,42.7,41.78,42.55,42.5,-0.5,-1.1765,0.7078,678015,28472910.41,6857760000.0,4023364800.0
2011-09-01,'002428,云南锗业,42.5,43.4,42.43,43.38,43.0,-0.5,-1.1628,0.6549,627362,26865864.3,6939400000.0,4071262000.0
2011-08-31,'002428,云南锗业,43.0,43.75,42.7,43.51,43.55,-0.55,-1.2629,0.8055,771656,33229431.9,7021040000.0,4119159200.0
2011-08-30,'002428,云南锗业,43.55,44.58,43.5,43.99,43.81,-0.26,-0.5935,0.7867,753639,33218314.1,7110844000.0,4171846120.0
2011-08-29,'002428,云南锗业,43.81,44.36,43.56,44.05,44.26,-0.45,-1.0167,0.8662,829781,36408546.5,7153296800.0,4196752664.0
2011-08-26,'002428,云南锗业,44.26,44.8,43.9,44.7,45.04,-0.78,-1.7318,2.5018,2320516,102801022.46,7226772800.0,4105221224.0
2011-08-25,'002428,云南锗业,45.04,45.18,43.7,44.5,44.1,0.94,2.1315,3.8607,3580937,159842308.75,7354131200.0,4177568096.0
2011-08-24,'002428,云南锗业,44.1,45.6,44.0,44.66,44.5,-0.4,-0.8989,1.425,1321722,59031837.82,7200648000.0,4090380840.0
2011-08-23,'002428,云南锗业,44.5,44.59,43.85,44.55,43.72,0.78,1.7841,0.5085,471637,20881803.27,7265960000.0,4127481800.0
2011-08-22,'002428,云南锗业,43.72,44.79,43.58,44.28,44.28,-0.56,-1.2647,0.6295,583835,25755760.85,7138601600.0,4055134928.0
2011-08-19,'002428,云南锗业,44.28,44.5,43.69,44.0,44.95,-0.67,-1.4905,0.6285,582937,25703041.42,7230038400.0,4107076272.0
2011-08-18,'002428,云南锗业,44.95,46.35,44.9,45.92,45.91,-0.96,-2.091,0.8443,783090,35618853.3,7339436000.0,4169220380.0
2011-08-17,'002428,云南锗业,45.91,46.98,45.8,46.64,46.63,-0.72,-1.5441,0.7086,657271,30496772.38,7496184800.0,4258262684.0
2011-08-16,'002428,云南锗业,46.63,47.36,46.5,46.81,46.81,-0.18,-0.3845,0.8131,754127,35328718.23,7613746400.0,4325044412.0
2011-08-15,'002428,云南锗业,46.81,47.49,45.55,45.92,45.92,0.89,1.9382,1.0963,1016858,47253053.44,7643136800.0,4341739844.0
2011-08-12,'002428,云南锗业,45.92,46.46,45.71,46.1,45.72,0.2,0.4374,1.2794,1186633,54586245.6,7497817600.0,4259190208.0
2011-08-11,'002428,云南锗业,45.72,45.91,43.49,43.49,44.7,1.02,2.2819,1.2224,1133791,51170624.3,7465161600.0,4240639728.0
2011-08-10,'002428,云南锗业,44.7,45.89,44.6,45.8,44.6,0.1,0.2242,1.1732,1088201,49222770.05,7298616000.0,4146032280.0
2011-08-09,'002428,云南锗业,44.6,45.55,40.0,42.6,43.62,0.98,2.2467,2.0685,1918593,83500818.51,7282288000.0,4136757040.0
2011-08-08,'002428,云南锗业,43.62,45.8,43.05,45.8,46.47,-2.85,-6.133,2.1077,1954945,86896956.96,7122273600.0,4045859688.0
2011-08-05,'002428,云南锗业,46.47,46.96,45.34,46.0,48.1,-1.63,-3.3888,1.1471,1064007,49402580.3,7587621600.0,4310204028.0
2011-08-04,'002428,云南锗业,48.1,49.09,48.0,48.45,48.5,-0.4,-0.8247,1.0561,979577,47402373.4,7853768000.0,4461390440.0
2011-08-03,'002428,云南锗业,48.5,49.54,48.18,48.18,49.28,-0.78,-1.5828,1.6136,1496630,73256053.69,7919080000.0,4498491400.0
2011-08-02,'002428,云南锗业,49.28,49.28,47.1,47.98,48.32,0.96,1.9868,2.2227,2061599,100169648.72,8046438400.0,4570838272.0
2011-08-01,'002428,云南锗业,48.32,48.86,46.59,46.6,46.4,1.92,4.1379,2.123,1969159,94728556.52,7889689600.0,4481795968.0
2011-07-29,'002428,云南锗业,46.4,46.68,45.12,45.75,45.75,0.65,1.4208,1.3862,1285718,59217270.72,7576192000.0,4303711360.0
2011-07-28,'002428,云南锗业,45.75,45.94,45.01,45.79,46.29,-0.54,-1.1666,0.799,741064,33700821.74,7470060000.0,4243422300.0
2011-07-27,'002428,云南锗业,46.29,46.57,44.55,45.6,45.57,0.72,1.58,1.3731,1273598,58536009.0,7558231200.0,4293508596.0
2011-07-26,'002428,云南锗业,45.57,45.9,44.8,45.03,45.39,0.18,0.3966,0.9036,838070,37861956.58,7440669600.0,4226726868.0
2011-07-25,'002428,云南锗业,45.39,48.05,45.0,48.0,48.3,-2.91,-6.0248,2.4015,2227444,102853193.99,7411279200.0,4210031436.0
2011-07-22,'002428,云南锗业,48.3,48.81,48.0,48.25,48.18,0.12,0.2491,0.7979,740071,35871489.14,7886424000.0,4479940920.0
2011-07-21,'002428,云南锗业,48.18,49.53,48.18,49.53,49.1,-0.92,-1.8737,0.9405,872305,42326279.27,7866830400.0,4468810632.0
2011-07-20,'002428,云南锗业,49.1,49.91,48.48,49.6,49.02,0.08,0.1632,0.8824,818402,40146121.84,8017048000.0,4554142840.0
2011-07-19,'002428,云南锗业,49.02,50.37,48.74,50.14,50.7,-1.68,-3.3136,1.5441,1432172,70613987.0,8003985600.0,4546722648.0
2011-07-18,'002428,云南锗业,50.7,51.68,50.2,51.5,51.16,-0.46,-0.8991,1.4384,1334156,67825832.21,8278296000.0,4702546680.0
2011-07-15,'002428,云南锗业,51.16,51.6,50.51,50.9,50.98,0.18,0.3531,1.2819,1188989,60754075.38,8353404800.0,4745212784.0
2011-07-14,'002428,云南锗业,50.98,51.99,50.23,50.52,50.42,0.56,1.1107,1.86,1725223,88301478.36,8324014400.0,4728517352.0
2011-07-13,'002428,云南锗业,50.42,50.76,49.3,49.3,49.35,1.07,2.1682,1.3438,1246430,62613232.59,8232577600.0,4676576008.0
2011-07-12,'002428,云南锗业,49.35,50.8,48.85,50.3,51.02,-1.67,-3.2732,1.8469,1713058,85489430.9,8057868000.0,4577330940.0
2011-07-11,'002428,云南锗业,51.02,51.93,48.5,49.2,49.57,1.45,2.9252,2.1388,1983748,100194004.73,8330545600.0,4732227448.0
2011-07-08,'002428,云南锗业,49.57,51.2,49.1,50.0,50.01,-0.44,-0.8798,2.0606,1911266,95657307.3,8093789600.0,4597736468.0
2011-07-07,'002428,云南锗业,50.01,52.07,50.01,50.8,50.93,-0.92,-1.8064,3.7262,3456124,176633233.09,8165632800.0,4638547524.0
2011-07-06,'002428,云南锗业,50.93,52.85,48.39,48.5,48.5,2.43,5.0103,5.1314,4759527,242617092.58,8315850400.0,4723879732.0
2011-07-05,'002428,云南锗业,48.5,49.23,47.32,48.18,48.04,0.46,0.9575,3.1624,2933210,141744415.31,7919080000.0,4498491400.0
2011-07-04,'002428,云南锗业,48.04,49.1,44.77,45.48,44.68,3.36,7.5201,3.8627,3582724,169841340.58,7843971200.0,4455825296.0
2011-07-01,'002428,云南锗业,44.68,45.56,44.02,44.32,44.32,0.36,0.8123,1.6849,1562815,70039775.25,7295350400.0,4144177232.0
2011-06-30,'002428,云南锗业,44.32,44.5,43.4,43.45,43.52,0.8,1.8382,1.6962,1573236,69193398.36,7236569600.0,4110786368.0
2011-06-29,'002428,云南锗业,43.52,45.2,43.4,44.06,43.95,-0.43,-0.9784,1.3663,1267271,55850877.09,7105945600.0,4036584448.0
2011-06-28,'002428,云南锗业,43.95,44.6,43.4,43.8,44.03,-0.08,-0.1817,1.4359,1331807,58695545.07,7176156000.0,4076467980.0
2011-06-27,'002428,云南锗业,44.03,44.28,42.28,42.6,42.7,1.33,3.1148,2.3287,2159968,93595514.37,7189218400.0,4083888172.0
2011-06-24,'002428,云南锗业,42.7,43.48,40.81,41.4,41.7,1.0,2.3981,2.3908,2217536,93287773.92,6972056000.0,3960527480.0
2011-06-23,'002428,云南锗业,41.7,41.83,40.15,40.7,40.73,0.97,2.3815,1.51,1400596,57945750.88,6808776000.0,3867775080.0
2011-06-22,'002428,云南锗业,40.73,41.2,40.41,40.9,41.17,-0.44,-1.0687,1.0454,969623,39631258.2,6650394400.0,3777805252.0
2011-06-21,'002428,云南锗业,41.17,41.25,39.95,40.4,40.4,0.77,1.9059,1.461,1355131,54952321.44,6722237600.0,3818616308.0
2011-06-20,'002428,云南锗业,40.4,41.71,40.33,41.69,42.03,-1.63,-3.8782,1.2152,1127124,46121070.35,6596512000.0,3747196960.0
2011-06-17,'002428,云南锗业,42.03,44.33,41.84,43.99,43.75,-1.72,-3.9314,1.2896,1196138,51194541.64,6862658400.0,3898383372.0
2011-06-16,'002428,云南锗业,43.75,45.0,43.7,45.0,45.8,-2.05,-4.476,1.2531,1162235,51396951.99,7143500000.0,4057917500.0
2011-06-15,'002428,云南锗业,45.8,47.28,45.66,46.85,46.73,-0.93,-1.9902,1.1686,1083895,50109261.88,7478224000.0,4248059920.0
2011-06-14,'002428,云南锗业,46.73,47.25,45.6,45.6,45.9,0.83,1.8083,1.9852,1841324,85963814.12,7630074400.0,4334319652.0
2011-06-13,'002428,云南锗业,45.9,46.12,44.72,45.8,46.12,-0.22,-0.477,2.1828,2024634,91804184.57,7494552000.0,4257335160.0
2011-06-10,'002428,云南锗业,46.12,47.3,44.96,47.0,47.61,-1.49,-3.1296,2.1004,1948134,89400335.47,7530473600.0,4277740688.0
2011-06-09,'002428,云南锗业,47.61,49.52,47.5,49.5,50.17,-2.56,-5.1027,2.2277,2066228,100284830.75,7773760800.0,4415941764.0
2011-06-08,'002428,云南锗业,50.17,51.74,47.0,47.79,47.15,3.02,6.4051,5.3602,4971754,246151311.96,8191757600.0,4653387908.0
2011-06-07,'002428,云南锗业,47.15,47.15,42.53,42.53,42.86,4.29,10.0093,4.8557,2019954,92844546.25,7698652000.0,1961440000.0
2011-06-03,'002428,云南锗业,42.86,43.32,41.88,41.98,42.2,0.66,1.564,1.5036,625518,26780190.49,6998180800.0,1782976000.0
2011-06-02,'002428,云南锗业,42.2,42.44,41.7,42.0,43.05,-0.85,-1.9744,1.3256,551469,23178999.85,6890416000.0,1755520000.0
2011-06-01,'002428,云南锗业,43.05,43.8,42.5,43.6,43.46,-0.41,-0.9434,1.442,599886,25772240.04,7029204000.0,1790880000.0
2011-05-31,'002428,云南锗业,43.46,44.35,41.81,43.25,43.18,0.28,0.6484,1.799,748378,32169586.31,7096148800.0,1807936000.0
2011-05-30,'002428,云南锗业,43.18,45.41,43.18,45.41,44.85,-1.67,-3.7235,1.0479,435942,19291700.6,7050430400.0,1796288000.0
2011-05-27,'002428,云南锗业,44.85,47.51,44.01,46.01,46.66,-1.81,-3.8791,1.2862,535070,24221319.07,7323108000.0,1865760000.0
2011-05-26,'002428,云南锗业,60.81,62.38,60.8,61.02,60.7,0.11,0.1812,1.352,432641,26694627.54,7637736000.0,1945920000.0
2011-05-25,'002428,云南锗业,60.7,62.58,60.52,62.25,62.11,-1.41,-2.2702,1.2751,408019,25145734.68,7623920000.0,1942400000.0
2011-05-24,'002428,云南锗业,62.11,62.54,59.44,61.43,61.44,0.67,1.0905,2.2056,705781,42896426.93,7801016000.0,1987520000.0
2011-05-23,'002428,云南锗业,61.44,64.7,61.3,64.7,64.72,-3.28,-5.068,2.764,884494,54848682.62,7716864000.0,1966080000.0
2011-05-20,'002428,云南锗业,64.72,65.78,64.08,65.1,65.1,-0.38,-0.5837,1.661,531523,34359963.23,8128832000.0,2071040000.0
2011-05-19,'002428,云南锗业,65.1,66.7,65.0,66.5,66.5,-1.4,-2.1053,1.0015,320487,21060963.4,8176560000.0,2083200000.0
2011-05-18,'002428,云南锗业,66.5,66.6,65.01,65.12,66.49,0.01,0.015,1.09,348790,22929997.57,8352400000.0,2128000000.0
2011-05-17,'002428,云南锗业,66.49,67.96,64.0,67.59,66.97,-0.48,-0.7167,1.7633,564262,37347995.2,8351144000.0,2127680000.0
2011-05-16,'002428,云南锗业,66.97,67.85,66.63,67.4,67.4,-0.43,-0.638,0.7408,237062,15898571.05,8411432000.0,2143040000.0
2011-05-13,'002428,云南锗业,67.4,67.55,66.49,66.86,66.86,0.54,0.8077,1.1265,360492,24153052.28,8465440000.0,2156800000.0
2011-05-12,'002428,云南锗业,66.86,68.29,66.85,68.0,68.73,-1.87,-2.7208,1.916,613104,41485323.45,8397616000.0,2139520000.0
2011-05-11,'002428,云南锗业,68.73,69.5,68.02,69.08,69.0,-0.27,-0.3913,1.4932,477825,32850529.46,8632488000.0,2199360000.0
2011-05-10,'002428,云南锗业,69.0,69.0,66.83,68.0,67.85,1.15,1.6949,1.6866,539703,36753055.01,8666400000.0,2208000000.0
2011-05-09,'002428,云南锗业,67.85,68.89,67.71,67.87,68.27,-0.42,-0.6152,1.387,443828,30278283.4,8521960000.0,2171200000.0
2011-05-06,'002428,云南锗业,68.27,69.2,66.61,67.79,67.62,0.65,0.9613,1.9719,631014,42781129.08,8574712000.0,2184640000.0
2011-05-05,'002428,云南锗业,67.62,67.99,66.0,66.0,66.31,1.31,1.9756,1.8047,577503,38889935.67,8493072000.0,2163840000.0
2011-05-04,'002428,云南锗业,66.31,67.95,66.3,67.95,67.98,-1.67,-2.4566,1.5233,487451,32604998.78,8328536000.0,2121920000.0
2011-05-03,'002428,云南锗业,67.98,69.8,67.0,68.75,68.49,-0.51,-0.7446,1.0566,338097,22911409.4,8538288000.0,2175360000.0
2011-04-29,'002428,云南锗业,68.49,68.49,66.41,67.01,66.4,2.09,3.1476,1.6477,527258,35673121.63,8602344000.0,2191680000.0
2011-04-28,'002428,云南锗业,66.4,69.8,66.19,68.99,68.83,-2.43,-3.5304,1.8764,600459,40707438.34,8339840000.0,2124800000.0
2011-04-27,'002428,云南锗业,68.83,70.5,68.1,69.68,69.65,-0.82,-1.1773,1.6112,515594,35726254.75,8645048000.0,2202560000.0
2011-04-26,'002428,云南锗业,69.65,71.99,69.42,71.15,71.64,-1.99,-2.7778,2.0332,650610,45684069.47,8748040000.0,2228800000.0
2011-04-25,'002428,云南锗业,71.64,73.45,71.06,71.7,73.4,-1.76,-2.3978,2.7389,876462,63252002.0,8997984000.0,2292480000.0
2011-04-22,'002428,云南锗业,73.4,75.0,72.1,72.1,69.86,3.54,5.0673,6.2178,1989706,146226318.71,9219040000.0,2348800000.0
2011-04-21,'002428,云南锗业,69.86,71.5,69.0,71.0,70.67,-0.81,-1.1462,3.5819,1146213,79951183.44,8774416000.0,2235520000.0
2011-04-20,'002428,云南锗业,70.67,70.94,68.9,70.3,71.91,-1.24,-1.7244,3.8776,1240831,86769071.97,8876152000.0,2261440000.0
2011-04-19,'002428,云南锗业,0.0,0.0,0.0,0.0,71.91,None,None,0.0,0,0.0,9031896000.0,2301120000.0
2011-04-18,'002428,云南锗业,71.91,73.0,70.86,73.0,73.18,-1.27,-1.7354,3.7066,1186121,84561491.47,9031896000.0,2301120000.0
2011-04-15,'002428,云南锗业,73.18,75.78,72.38,74.5,74.91,-1.73,-2.3094,3.9461,1262746,92705838.09,9191408000.0,2341760000.0
2011-04-14,'002428,云南锗业,74.91,75.79,74.5,74.7,74.69,0.22,0.2946,2.1781,696979,52230490.99,9408696000.0,2397120000.0
2011-04-13,'002428,云南锗业,74.69,75.0,73.02,75.0,75.3,-0.61,-0.8101,2.7477,879265,65141015.84,9381064000.0,2390080000.0
2011-04-12,'002428,云南锗业,75.3,78.2,75.0,77.62,77.4,-2.1,-2.7132,3.5496,1135869,87024147.35,9457680000.0,2409600000.0
2011-04-11,'002428,云南锗业,77.4,79.0,77.01,78.51,78.1,-0.7,-0.8963,2.8619,915802,71275803.27,9721440000.0,2476800000.0
2011-04-08,'002428,云南锗业,78.1,78.5,76.9,76.9,77.01,1.09,1.4154,3.3994,1087811,84737141.26,9809360000.0,2499200000.0
2011-04-07,'002428,云南锗业,77.01,78.5,76.68,78.5,78.1,-1.09,-1.3956,2.7091,866927,66825946.57,9672456000.0,2464320000.0
2011-04-06,'002428,云南锗业,78.1,78.5,75.98,78.0,78.0,0.1,0.1282,3.8574,1234373,95063336.27,9809360000.0,2499200000.0
2011-04-01,'002428,云南锗业,78.0,80.5,76.8,79.85,78.9,-0.9,-1.1407,3.068,981773,76724646.99,9796800000.0,2496000000.0
2011-03-31,'002428,云南锗业,78.9,80.15,77.0,77.0,77.5,1.4,1.8065,3.5547,1137490,89634630.65,9909840000.0,2524800000.0
2011-03-30,'002428,云南锗业,77.5,80.6,76.0,77.19,77.6,-0.1,-0.1289,3.9183,1253840,98452072.95,9734000000.0,2480000000.0
2011-03-29,'002428,云南锗业,77.6,81.9,77.58,80.4,80.5,-2.9,-3.6025,4.7073,1506338,119512630.05,9746560000.0,2483200000.0
2011-03-28,'002428,云南锗业,80.5,82.5,79.0,80.3,81.0,-0.5,-0.6173,5.5568,1778163,143943412.26,10110800000.0,2576000000.0
2011-03-25,'002428,云南锗业,81.0,82.5,76.81,78.8,79.95,1.05,1.3133,7.0607,2259429,181282276.92,10173600000.0,2592000000.0
2011-03-24,'002428,云南锗业,79.95,81.79,79.5,80.03,80.53,-0.58,-0.7202,2.7825,890404,71684583.8,10041720000.0,2558400000.0
2011-03-23,'002428,云南锗业,80.53,81.44,75.9,76.67,76.68,3.85,5.0209,4.5427,1453654,115873948.92,10114568000.0,2576960000.0
2011-03-22,'002428,云南锗业,76.68,76.73,75.58,76.49,75.7,0.98,1.2946,1.9155,612971,46723919.04,9631008000.0,2453760000.0
2011-03-21,'002428,云南锗业,75.7,76.99,75.45,76.6,76.56,-0.86,-1.1233,1.6891,540501,41081175.75,9507920000.0,2422400000.0
2011-03-18,'002428,云南锗业,76.56,77.79,76.01,76.99,76.22,0.34,0.4461,1.4804,473713,36332075.13,9615936000.0,2449920000.0
2011-03-17,'002428,云南锗业,76.22,77.78,75.6,77.0,77.75,-1.53,-1.9678,2.189,700491,53865151.43,9573232000.0,2439040000.0
2011-03-16,'002428,云南锗业,77.75,78.4,75.28,75.28,75.27,2.48,3.2948,2.9865,955665,73804335.24,9765400000.0,2488000000.0
2011-03-15,'002428,云南锗业,75.27,75.95,73.6,75.5,75.96,-0.69,-0.9084,3.1368,1003761,74981771.98,9453912000.0,2408640000.0
2011-03-14,'002428,云南锗业,75.96,78.48,74.64,78.19,78.82,-2.86,-3.6285,4.202,1344634,102294531.7,9540576000.0,2430720000.0
2011-03-11,'002428,云南锗业,78.82,80.31,78.5,78.52,78.73,0.09,0.1143,2.38,761589,60463569.81,9899792000.0,2522240000.0
2011-03-10,'002428,云南锗业,78.73,81.3,78.68,80.71,81.04,-2.31,-2.8504,3.421,1094713,87112025.0,9888488000.0,2519360000.0
2011-03-09,'002428,云南锗业,81.04,82.59,80.88,81.38,81.37,-0.33,-0.4056,3.9574,1266380,103587919.77,10178624000.0,2593280000.0
2011-03-08,'002428,云南锗业,81.37,82.4,79.05,80.43,80.35,1.02,1.2694,4.0104,1283341,103429030.52,10220072000.0,2603840000.0
2011-03-07,'002428,云南锗业,80.35,81.06,78.81,79.38,78.7,1.65,2.0966,3.0629,980131,78709371.66,10091960000.0,2571200000.0
2011-03-04,'002428,云南锗业,78.7,78.7,76.9,76.92,76.8,1.9,2.474,1.8605,595350,46414688.76,9884720000.0,2518400000.0
2011-03-03,'002428,云南锗业,76.8,79.58,76.6,78.11,78.92,-2.12,-2.6863,2.5935,829924,64812666.27,9646080000.0,2457600000.0
2011-03-02,'002428,云南锗业,78.92,80.2,78.0,80.2,80.5,-1.58,-1.9627,3.6781,1177005,92834634.41,9912352000.0,2525440000.0
2011-03-01,'002428,云南锗业,80.5,81.45,80.2,80.7,80.3,0.2,0.2491,4.2673,1365535,110353114.76,10110800000.0,2576000000.0
2011-02-28,'002428,云南锗业,0.0,0.0,0.0,0.0,80.3,None,None,0.0,0,0.0,10085680000.0,2569600000.0
2011-02-25,'002428,云南锗业,80.3,81.99,79.01,79.24,79.24,1.06,1.3377,4.2888,1372406,110348180.04,10085680000.0,2569600000.0
2011-02-24,'002428,云南锗业,79.24,80.5,78.5,79.0,78.81,0.43,0.5456,2.3385,748312,59488605.18,9952544000.0,2535680000.0
2011-02-23,'002428,云南锗业,78.81,81.17,78.3,78.9,79.0,-0.19,-0.2405,3.5829,1146539,91184397.75,9898536000.0,2521920000.0
2011-02-22,'002428,云南锗业,79.0,83.38,79.0,80.87,80.98,-1.98,-2.445,5.7731,1847382,149805212.23,9922400000.0,2528000000.0
2011-02-21,'002428,云南锗业,80.98,81.0,78.33,78.69,79.13,1.85,2.3379,3.6742,1175728,94441985.44,10171088000.0,2591360000.0
2011-02-18,'002428,云南锗业,79.13,81.4,78.65,81.1,81.77,-2.64,-3.2286,5.2584,1682683,133926865.19,9938728000.0,2532160000.0
2011-02-17,'002428,云南锗业,81.77,84.84,81.4,82.9,83.0,-1.23,-1.4819,6.5049,2081573,172304011.07,10270312000.0,2616640000.0
2011-02-16,'002428,云南锗业,83.0,84.0,79.98,81.4,81.49,1.51,1.853,9.4699,3030354,246174667.37,10424800000.0,2656000000.0
2011-02-15,'002428,云南锗业,81.49,83.45,80.6,81.9,81.4,0.09,0.1106,8.5358,2731462,223931060.4,10235144000.0,2607680000.0
2011-02-14,'002428,云南锗业,81.4,82.59,78.51,79.5,80.33,1.07,1.332,8.0847,2587097,208951448.77,10223840000.0,2604800000.0
2011-02-11,'002428,云南锗业,80.33,82.19,77.0,77.0,74.72,5.61,7.508,10.0024,3200769,258917166.74,10089448000.0,2570560000.0
2011-02-10,'002428,云南锗业,0.0,0.0,0.0,0.0,74.72,None,None,0.0,0,0.0,9384832000.0,2391040000.0
2011-02-09,'002428,云南锗业,74.72,79.0,74.5,77.9,77.78,-3.06,-3.9342,4.6239,1479645,113060403.66,9384832000.0,2391040000.0
2011-02-01,'002428,云南锗业,77.78,77.78,75.19,75.19,75.15,2.63,3.4997,4.7707,1526636,117328076.39,9769168000.0,2488960000.0
2011-01-31,'002428,云南锗业,75.15,77.11,74.3,74.31,74.11,1.04,1.4033,4.3643,1396576,106402634.57,9438840000.0,2404800000.0
2011-01-28,'002428,云南锗业,74.11,75.0,73.0,73.16,73.8,0.31,0.4201,3.9042,1249343,92595388.68,9308216000.0,2371520000.0
2011-01-27,'002428,云南锗业,73.8,75.0,69.08,70.0,70.48,3.32,4.7106,6.7847,2171114,158854864.76,9269280000.0,2361600000.0
2011-01-26,'002428,云南锗业,70.48,71.49,68.6,70.08,70.48,0.0,0.0,4.9055,1569751,110489263.89,8852288000.0,2255360000.0
2011-01-25,'002428,云南锗业,70.48,75.59,69.41,74.6,77.12,-6.64,-8.61,10.461,3347518,241745945.25,8852288000.0,2255360000.0
2011-01-24,'002428,云南锗业,77.12,85.05,77.12,84.23,85.69,-8.57,-10.0012,11.3605,3635357,293560206.49,9686272000.0,2467840000.0
2011-01-21,'002428,云南锗业,85.69,88.78,84.0,87.33,87.15,-1.46,-1.6753,9.6287,3081187,265246001.5,10762664000.0,2742080000.0
2011-01-20,'002428,云南锗业,87.15,90.48,85.8,87.0,88.18,-1.03,-1.1681,13.6316,4362113,386132949.2,10946040000.0,2788800000.0
2011-01-19,'002428,云南锗业,88.18,91.95,83.48,85.65,85.65,2.53,2.9539,16.6431,5325802,467331201.15,11075408000.0,2821760000.0
2011-01-18,'002428,云南锗业,85.65,87.86,74.22,78.0,79.97,5.68,7.1027,15.3376,4908016,388451006.72,10757640000.0,2740800000.0
2011-01-17,'002428,云南锗业,79.97,79.97,76.2,76.2,72.7,7.27,10.0,16.8554,5393737,429944988.24,10044232000.0,2559040000.0
2011-01-14,'002428,云南锗业,72.7,75.43,72.67,75.05,75.63,-2.93,-3.8741,3.362,1075837,79071955.21,9131120000.0,2326400000.0
2011-01-13,'002428,云南锗业,75.63,77.6,73.8,75.95,75.31,0.32,0.4249,2.2355,715371,54008555.2,9499128000.0,2420160000.0
2011-01-12,'002428,云南锗业,75.31,76.63,73.01,75.18,75.4,-0.09,-0.1194,1.918,613752,46282027.36,9458936000.0,2409920000.0
2011-01-11,'002428,云南锗业,75.4,76.18,72.6,75.25,75.77,-0.37,-0.4883,3.6677,1173667,87068280.69,9470240000.0,2412800000.0
2011-01-10,'002428,云南锗业,75.77,78.75,75.2,77.5,78.85,-3.08,-3.9062,2.6234,839485,64499584.37,9516712000.0,2424640000.0
2011-01-07,'002428,云南锗业,78.85,80.25,76.01,78.5,78.93,-0.08,-0.1014,4.2958,1374655,107360240.72,9903560000.0,2523200000.0
2011-01-06,'002428,云南锗业,78.93,82.5,77.9,79.7,78.91,0.02,0.0253,4.0145,1284631,103435858.56,9913608000.0,2525760000.0
2011-01-05,'002428,云南锗业,78.91,82.6,77.1,78.3,79.83,-0.92,-1.1524,5.3652,1716867,137309077.52,9911096000.0,2525120000.0
2011-01-04,'002428,云南锗业,79.83,79.83,73.0,73.0,72.57,7.26,10.0041,7.4446,2382259,182292225.58,10026648000.0,2554560000.0
2010-12-31,'002428,云南锗业,72.57,72.66,68.93,69.13,69.13,3.44,4.9761,3.0306,969804,69483608.98,9114792000.0,2322240000.0
2010-12-30,'002428,云南锗业,69.13,69.85,67.5,67.9,67.9,1.23,1.8115,1.9622,627917,43122394.4,8682728000.0,2212160000.0
2010-12-29,'002428,云南锗业,67.9,68.59,67.46,67.65,67.66,0.24,0.3547,1.5683,501862,34113259.52,8528240000.0,2172800000.0
2010-12-28,'002428,云南锗业,67.66,68.99,66.01,68.2,69.0,-1.34,-1.942,2.446,782711,52886434.07,8498096000.0,2165120000.0
2010-12-27,'002428,云南锗业,69.0,72.67,66.92,67.1,67.0,2.0,2.9851,4.2976,1375238,96689352.59,8666400000.0,2208000000.0
2010-12-24,'002428,云南锗业,67.0,70.9,66.6,70.48,70.46,-3.46,-4.9106,2.856,913907,62075387.89,8415200000.0,2144000000.0
2010-12-23,'002428,云南锗业,70.46,72.6,70.0,72.57,72.53,-2.07,-2.854,2.23,713590,50963399.63,8849776000.0,2254720000.0
2010-12-22,'002428,云南锗业,72.53,73.88,72.5,73.38,72.98,-0.45,-0.6166,1.7069,546201,39931767.46,9109768000.0,2320960000.0
2010-12-21,'002428,云南锗业,72.98,74.6,72.18,73.38,73.35,-0.37,-0.5044,3.4391,1100523,80158910.81,9166288000.0,2335360000.0
2010-12-20,'002428,云南锗业,73.35,76.89,72.56,76.22,75.72,-2.37,-3.13,2.5439,814037,60264271.15,9212760000.0,2347200000.0
2010-12-17,'002428,云南锗业,75.72,76.59,75.26,75.26,75.31,0.41,0.5444,1.3557,433821,32990603.06,9510432000.0,2423040000.0
2010-12-16,'002428,云南锗业,75.31,76.49,75.0,75.0,75.38,-0.07,-0.0929,1.5298,489548,37077361.74,9458936000.0,2409920000.0
2010-12-15,'002428,云南锗业,75.38,76.6,75.38,76.3,76.1,-0.72,-0.9461,2.2908,733056,55590343.15,9467728000.0,2412160000.0
2010-12-14,'002428,云南锗业,76.1,77.33,75.56,76.6,75.99,0.11,0.1448,2.009,642895,49119249.25,9558160000.0,2435200000.0
2010-12-13,'002428,云南锗业,75.99,76.0,73.09,74.01,73.05,2.94,4.0246,2.8669,917401,68656560.32,9544344000.0,2431680000.0
2010-12-10,'002428,云南锗业,73.05,74.49,70.68,71.11,71.11,1.94,2.7282,2.1649,692782,49989358.57,9175080000.0,2337600000.0
2010-12-09,'002428,云南锗业,71.11,73.5,71.1,72.23,73.2,-2.09,-2.8552,1.7995,575849,41421085.27,8931416000.0,2275520000.0
2010-12-08,'002428,云南锗业,73.2,74.96,73.0,74.0,74.33,-1.13,-1.5202,1.9237,615580,45570614.29,9193920000.0,2342400000.0
2010-12-07,'002428,云南锗业,74.33,75.0,71.3,73.8,73.88,0.45,0.6091,2.5092,802952,58395851.76,9335848000.0,2378560000.0
2010-12-06,'002428,云南锗业,73.88,77.1,73.66,76.98,76.28,-2.4,-3.1463,2.0057,641822,47906647.18,9279328000.0,2364160000.0
2010-12-03,'002428,云南锗业,76.28,78.18,74.55,77.71,77.7,-1.42,-1.8275,2.6488,847603,64368558.28,9580768000.0,2440960000.0
2010-12-02,'002428,云南锗业,77.7,79.98,77.65,79.55,77.69,0.01,0.0129,3.1041,993321,78436603.64,9759120000.0,2486400000.0
2010-12-01,'002428,云南锗业,77.69,78.31,77.01,78.08,78.08,-0.39,-0.4995,2.1329,682518,53048771.59,9757864000.0,2486080000.0
2010-11-30,'002428,云南锗业,78.08,79.5,74.01,79.08,79.08,-1.0,-1.2645,3.951,1264330,97311317.04,9806848000.0,2498560000.0
2010-11-29,'002428,云南锗业,79.08,79.98,76.33,77.1,78.02,1.06,1.3586,3.091,989114,77587702.27,9932448000.0,2530560000.0
2010-11-26,'002428,云南锗业,78.02,79.1,77.01,79.08,79.0,-0.98,-1.2405,3.2328,1034482,80594089.54,9799312000.0,2496640000.0
2010-11-25,'002428,云南锗业,79.0,82.98,78.0,82.98,76.28,2.72,3.5658,5.704,1825293,145852154.97,9922400000.0,2528000000.0
2010-11-24,'002428,云南锗业,0.0,0.0,0.0,0.0,76.28,None,None,0.0,0,0.0,9580768000.0,2440960000.0
2010-11-23,'002428,云南锗业,0.0,0.0,0.0,0.0,76.28,None,None,0.0,0,0.0,9580768000.0,2440960000.0
2010-11-22,'002428,云南锗业,76.28,76.99,72.52,73.35,73.78,2.5,3.3885,5.099,1631675,122910651.81,9580768000.0,2440960000.0
2010-11-19,'002428,云南锗业,73.78,74.66,70.67,74.56,72.17,1.61,2.2308,4.9801,1593639,116099125.5,9266768000.0,2360960000.0
2010-11-18,'002428,云南锗业,72.17,73.2,70.25,71.51,70.1,2.07,2.9529,3.3391,1068523,76817508.87,9064552000.0,2309440000.0
2010-11-17,'002428,云南锗业,70.1,75.0,69.8,74.3,74.45,-4.35,-5.8428,4.158,1330549,96653231.61,8804560000.0,2243200000.0
2010-11-16,'002428,云南锗业,74.45,77.5,73.22,74.75,75.0,-0.55,-0.7333,6.5722,2103113,158425923.76,9350920000.0,2382400000.0
2010-11-15,'002428,云南锗业,75.0,77.9,72.2,77.2,76.7,-1.7,-2.2164,6.648,2127351,159007766.07,9420000000.0,2400000000.0
2010-11-12,'002428,云南锗业,76.7,84.5,76.52,83.5,84.8,-8.1,-9.5519,8.3575,2674396,213867956.3,9633520000.0,2454400000.0
2010-11-11,'002428,云南锗业,84.8,90.42,84.7,87.0,88.23,-3.43,-3.8876,6.6106,2115386,185117658.47,10650880000.0,2713600000.0
2010-11-10,'002428,云南锗业,88.23,89.0,85.18,86.0,86.55,1.68,1.9411,4.8097,1539102,134492788.23,11081688000.0,2823360000.0
2010-11-09,'002428,云南锗业,86.55,87.53,84.3,85.75,86.5,0.05,0.0578,3.7031,1184996,102064223.38,10870680000.0,2769600000.0
2010-11-08,'002428,云南锗业,86.5,86.8,82.5,86.0,85.9,0.6,0.6985,6.1813,1978001,166789101.6,10864400000.0,2768000000.0
2010-11-05,'002428,云南锗业,85.9,89.88,85.57,86.5,85.36,0.54,0.6326,8.5682,2741808,240716595.04,10789040000.0,2748800000.0
2010-11-04,'002428,云南锗业,85.36,87.0,76.97,81.33,82.74,2.62,3.1665,13.5635,4340328,357622096.1,10721216000.0,2731520000.0
2010-11-03,'002428,云南锗业,82.74,92.2,80.0,87.0,83.82,-1.08,-1.2885,17.2704,5526542,485318690.57,10392144000.0,2647680000.0
2010-11-02,'002428,云南锗业,83.82,83.82,74.58,76.77,76.2,7.62,10.0,16.2142,5188538,408258610.84,10527792000.0,2682240000.0
2010-11-01,'002428,云南锗业,76.2,79.25,75.5,75.94,75.05,1.15,1.5323,8.34,2668793,205462367.54,9570720000.0,2438400000.0
2010-10-29,'002428,云南锗业,75.05,77.0,72.5,72.57,72.25,2.8,3.8754,6.4472,2063105,154229319.59,9426280000.0,2401600000.0
2010-10-28,'002428,云南锗业,72.25,74.9,71.0,71.98,71.9,0.35,0.4868,5.9053,1889694,137710551.78,9074600000.0,2312000000.0
2010-10-27,'002428,云南锗业,71.9,74.48,71.4,71.8,73.04,-1.14,-1.5608,6.1512,1968370,143729334.16,9030640000.0,2300800000.0
2010-10-26,'002428,云南锗业,73.04,76.99,72.95,75.29,75.5,-2.46,-3.2583,7.723,2471357,183262752.27,9173824000.0,2337280000.0
2010-10-25,'002428,云南锗业,75.5,79.4,71.5,73.0,73.51,1.99,2.7071,10.0946,3230278,244364974.65,9482800000.0,2416000000.0
2010-10-22,'002428,云南锗业,73.51,74.38,67.38,68.0,68.61,4.9,7.1418,10.0137,3204374,231141489.58,9232856000.0,2352320000.0
2010-10-21,'002428,云南锗业,68.61,71.6,67.33,68.92,66.44,2.17,3.2661,8.7886,2812351,194522738.58,8617416000.0,2195520000.0
2010-10-20,'002428,云南锗业,66.44,66.44,60.55,60.6,60.4,6.04,10.0,7.7362,2475568,158198181.0,8344864000.0,2126080000.0
2010-10-19,'002428,云南锗业,0.0,0.0,0.0,0.0,60.4,None,None,0.0,0,0.0,7586240000.0,1932800000.0
2010-10-18,'002428,云南锗业,60.4,65.15,59.51,65.01,64.23,-3.83,-5.9629,9.8249,3143958,194169352.08,7586240000.0,1932800000.0
2010-10-15,'002428,云南锗业,64.23,66.49,61.26,62.97,63.92,0.31,0.485,9.3225,2983203,190720199.75,8067288000.0,2055360000.0
2010-10-14,'002428,云南锗业,63.92,65.99,63.0,64.5,64.85,-0.93,-1.4341,7.5225,2407188,155435043.22,8028352000.0,2045440000.0
2010-10-13,'002428,云南锗业,64.85,66.8,63.0,66.8,66.3,-1.45,-2.187,7.1658,2293040,148147383.79,8145160000.0,2075200000.0
2010-10-12,'002428,云南锗业,66.3,68.7,62.51,63.05,64.05,2.25,3.5129,9.8465,3150887,207697707.27,8327280000.0,2121600000.0
2010-10-11,'002428,云南锗业,64.05,68.0,63.11,66.45,66.4,-2.35,-3.5392,14.4091,4610904,304632199.5,8044680000.0,2049600000.0
2010-10-08,'002428,云南锗业,66.4,67.76,62.88,62.95,61.6,4.8,7.7922,15.6607,5011429,333152012.81,8339840000.0,2124800000.0
2010-09-30,'002428,云南锗业,61.6,61.68,58.95,59.7,59.81,1.79,2.9928,9.2959,2974685,179497880.19,7736960000.0,1971200000.0
2010-09-29,'002428,云南锗业,59.81,61.56,59.6,59.83,59.81,0.0,0.0,7.2626,2324023,140341949.68,7512136000.0,1913920000.0
2010-09-28,'002428,云南锗业,59.81,62.25,58.28,58.3,58.96,0.85,1.4417,10.2846,3291074,199249540.79,7512136000.0,1913920000.0
2010-09-27,'002428,云南锗业,58.96,59.85,54.9,55.0,54.45,4.51,8.2828,9.0548,2897526,167282966.25,7405376000.0,1886720000.0
2010-09-21,'002428,云南锗业,54.45,57.5,54.0,56.6,56.22,-1.77,-3.1483,7.132,2282254,127011562.85,6838920000.0,1742400000.0
2010-09-20,'002428,云南锗业,56.22,58.68,56.01,58.5,58.37,-2.15,-3.6834,6.0278,1928897,109945851.29,7061232000.0,1799040000.0
2010-09-17,'002428,云南锗业,58.37,58.99,56.5,56.9,56.91,1.46,2.5655,10.8658,3477056,201897286.18,7331272000.0,1867840000.0
2010-09-16,'002428,云南锗业,56.91,59.9,55.16,58.8,59.11,-2.2,-3.7219,12.3291,3945313,226385484.49,7147896000.0,1821120000.0
2010-09-15,'002428,云南锗业,59.11,62.6,58.51,62.23,62.05,-2.94,-4.7381,10.0408,3213055,194265595.68,7424216000.0,1891520000.0
2010-09-14,'002428,云南锗业,62.05,64.95,61.7,64.0,64.38,-2.33,-3.6191,10.1611,3251543,205395555.0,7793480000.0,1985600000.0
2010-09-13,'002428,云南锗业,64.38,66.0,62.5,63.71,64.01,0.37,0.578,9.9611,3187553,204536401.99,8086128000.0,2060160000.0
2010-09-10,'002428,云南锗业,64.01,67.6,61.1,61.12,62.72,1.29,2.0568,15.7387,5036382,324989776.08,8039656000.0,2048320000.0
2010-09-09,'002428,云南锗业,62.72,65.5,58.88,59.95,59.83,2.89,4.8304,23.0765,7384492,458201936.93,7877632000.0,2007040000.0
2010-09-08,'002428,云南锗业,59.83,59.83,53.13,53.3,54.39,5.44,10.0018,21.3454,6830543,389665505.31,7514648000.0,1914560000.0
2010-09-07,'002428,云南锗业,0.0,0.0,0.0,0.0,54.39,None,None,0.0,0,0.0,6831384000.0,1392384000.0
2010-09-06,'002428,云南锗业,54.39,57.4,53.3,54.88,54.62,-0.23,-0.4211,16.3511,4185894,233424940.44,6831384000.0,1392384000.0
2010-09-03,'002428,云南锗业,54.62,54.88,52.5,53.45,53.6,1.02,1.903,10.9732,2809142,151495169.29,6860272000.0,1398272000.0
2010-09-02,'002428,云南锗业,53.6,54.47,52.18,52.2,51.45,2.15,4.1788,9.8166,2513040,134014785.98,6732160000.0,1372160000.0
2010-09-01,'002428,云南锗业,51.45,53.3,50.75,53.21,53.21,-1.76,-3.3076,9.6927,2481321,128910259.89,6462120000.0,1317120000.0
2010-08-31,'002428,云南锗业,53.21,54.5,52.51,52.9,53.41,-0.2,-0.3745,10.2402,2621482,140115249.43,6683176000.0,1362176000.0
2010-08-30,'002428,云南锗业,53.41,54.08,50.88,51.1,50.7,2.71,5.3452,11.4764,2937958,153822762.96,6708296000.0,1367296000.0
2010-08-27,'002428,云南锗业,50.7,50.93,49.5,50.03,50.15,0.55,1.0967,5.3548,1370832,69181118.27,6367920000.0,1297920000.0
2010-08-26,'002428,云南锗业,50.15,50.4,49.11,50.11,49.8,0.35,0.7028,5.7031,1459995,72661347.87,6298840000.0,1283840000.0
2010-08-25,'002428,云南锗业,49.8,52.4,49.68,51.74,51.89,-2.09,-4.0278,8.5877,2198449,112100268.55,6254880000.0,1274880000.0
2010-08-24,'002428,云南锗业,51.89,52.49,51.06,51.8,52.22,-0.33,-0.6319,8.4693,2168137,112257283.41,6517384000.0,1328384000.0
2010-08-23,'002428,云南锗业,52.22,52.98,50.6,50.6,50.35,1.87,3.714,11.8642,3037225,158567417.87,6558832000.0,1336832000.0
2010-08-20,'002428,云南锗业,50.35,52.45,49.2,49.48,49.88,0.47,0.9423,14.2282,3642425,186497498.5,6323960000.0,1288960000.0
2010-08-19,'002428,云南锗业,49.88,50.72,48.6,49.68,49.61,0.27,0.5442,9.9151,2538277,127078490.11,6264928000.0,1276928000.0
2010-08-18,'002428,云南锗业,49.61,50.77,49.02,50.18,50.17,-0.56,-1.1162,8.885,2274564,113172565.26,6231016000.0,1270016000.0
2010-08-17,'002428,云南锗业,50.17,50.85,48.8,49.1,49.07,1.1,2.2417,10.2092,2613564,130382947.22,6301352000.0,1284352000.0
2010-08-16,'002428,云南锗业,49.07,49.34,47.5,47.88,47.97,1.1,2.2931,7.9001,2022418,98311002.64,6163192000.0,1256192000.0
2010-08-13,'002428,云南锗业,47.97,48.02,46.82,47.02,46.96,1.01,2.1508,6.3323,1621072,77113917.28,6025032000.0,1228032000.0
2010-08-12,'002428,云南锗业,46.96,47.95,46.88,47.16,47.9,-0.94,-1.9624,7.136,1826822,86427045.85,5898176000.0,1202176000.0
2010-08-11,'002428,云南锗业,47.9,48.42,47.3,47.67,48.0,-0.1,-0.2083,8.3154,2128740,101748429.94,6016240000.0,1226240000.0
2010-08-10,'002428,云南锗业,48.0,50.57,48.0,49.99,49.9,-1.9,-3.8076,10.5267,2694827,132694296.95,6028800000.0,1228800000.0
2010-08-09,'002428,云南锗业,49.9,50.86,48.76,49.1,48.76,1.14,2.338,9.5211,2437400,121774348.69,6267440000.0,1277440000.0
2010-08-06,'002428,云南锗业,48.76,49.19,47.31,47.88,47.58,1.18,2.48,8.9148,2282179,110452963.4,6124256000.0,1248256000.0
2010-08-05,'002428,云南锗业,47.58,48.48,47.2,47.66,47.99,-0.41,-0.8543,8.3635,2141048,102600878.18,5976048000.0,1218048000.0
2010-08-04,'002428,云南锗业,47.99,48.0,46.16,46.97,47.12,0.87,1.8463,10.4329,2670820,125339546.32,6027544000.0,1228544000.0
2010-08-03,'002428,云南锗业,47.12,49.19,47.12,47.82,47.64,-0.52,-1.0915,11.23,2874890,139186875.07,5918272000.0,1206272000.0
2010-08-02,'002428,云南锗业,47.64,48.35,47.14,47.5,47.6,0.04,0.084,11.4898,2941386,140346493.35,5983584000.0,1219584000.0
2010-07-30,'002428,云南锗业,47.6,48.49,45.98,45.98,46.06,1.54,3.3435,16.8747,4319928,205404556.31,5978560000.0,1218560000.0
2010-07-29,'002428,云南锗业,46.06,46.15,45.06,45.57,45.51,0.55,1.2085,11.0228,2821842,129170220.29,5785136000.0,1179136000.0
2010-07-28,'002428,云南锗业,45.51,45.65,44.3,44.75,45.03,0.48,1.066,10.3709,2654959,119908531.53,5716056000.0,1165056000.0
2010-07-27,'002428,云南锗业,45.03,45.97,44.95,45.95,45.92,-0.89,-1.9382,8.8573,2267460,102654828.28,5655768000.0,1152768000.0
2010-07-26,'002428,云南锗业,45.92,46.22,45.25,45.7,45.31,0.61,1.3463,10.4756,2681755,122714008.22,5767552000.0,1175552000.0
2010-07-23,'002428,云南锗业,45.31,46.1,44.8,45.58,45.59,-0.28,-0.6142,9.5822,2453045,111320480.67,5690936000.0,1159936000.0
2010-07-22,'002428,云南锗业,45.59,46.5,44.51,44.9,44.98,0.61,1.3562,13.288,3401740,155204158.33,5726104000.0,1167104000.0
2010-07-21,'002428,云南锗业,44.98,46.43,44.81,45.45,45.5,-0.52,-1.1429,13.7371,3516708,159780865.67,5649488000.0,1151488000.0
2010-07-20,'002428,云南锗业,45.5,46.09,43.48,43.89,44.86,0.64,1.4267,17.9803,4602944,205922342.35,5714800000.0,1164800000.0
2010-07-19,'002428,云南锗业,44.86,46.08,43.44,43.7,44.18,0.68,1.5392,12.5474,3212127,145079022.88,5634416000.0,1148416000.0
2010-07-16,'002428,云南锗业,44.18,45.38,41.23,41.47,41.76,2.42,5.795,13.3509,3417839,149665222.78,5549008000.0,1131008000.0
2010-07-15,'002428,云南锗业,41.76,43.49,41.7,42.99,43.47,-1.71,-3.9337,7.9046,2023590,86069818.28,5245056000.0,1069056000.0
2010-07-14,'002428,云南锗业,43.47,45.2,42.93,42.93,42.85,0.62,1.4469,11.371,2910973,128617964.95,5459832000.0,1112832000.0
2010-07-13,'002428,云南锗业,42.85,43.7,41.95,43.52,44.14,-1.29,-2.9225,11.2409,2877682,123083595.89,5381960000.0,1096960000.0
2010-07-12,'002428,云南锗业,44.14,44.62,43.11,43.79,44.19,-0.05,-0.1131,12.1682,3115051,137127535.51,5543984000.0,1129984000.0
2010-07-09,'002428,云南锗业,44.19,44.39,40.0,40.03,40.35,3.84,9.5167,21.5214,5509471,236749872.72,5550264000.0,1131264000.0
2010-07-08,'002428,云南锗业,40.35,42.6,40.3,40.88,39.36,0.99,2.5152,15.068,3857401,159066975.41,5067960000.0,1032960000.0
2010-07-07,'002428,云南锗业,39.36,39.7,38.68,39.12,39.6,-0.24,-0.6061,8.8631,2268946,88682272.72,4943616000.0,1007616000.0
2010-07-06,'002428,云南锗业,39.6,39.9,37.0,37.6,37.86,1.74,4.5959,10.5082,2690089,105089604.4,4973760000.0,1013760000.0
2010-07-05,'002428,云南锗业,37.86,38.47,37.14,37.7,38.67,-0.81,-2.0946,6.3759,1632240,61587381.93,4755216000.0,969216000.0
2010-07-02,'002428,云南锗业,38.67,40.87,36.72,40.6,40.6,-1.93,-4.7537,11.4953,2942791,113688953.52,4856952000.0,989952000.0
2010-07-01,'002428,云南锗业,40.6,41.65,40.18,41.02,41.54,-0.94,-2.2629,7.981,2043129,83772055.79,5099360000.0,1039360000.0
2010-06-30,'002428,云南锗业,41.54,41.8,39.78,40.2,41.35,0.19,0.4595,8.6581,2216477,90257359.68,5217424000.0,1063424000.0
2010-06-29,'002428,云南锗业,41.35,46.78,41.3,45.4,45.89,-4.54,-9.8932,15.652,4006923,174354933.45,5193560000.0,1058560000.0
2010-06-28,'002428,云南锗业,45.89,49.41,45.58,48.78,49.1,-3.21,-6.5377,13.6756,3500946,164343718.95,5763784000.0,1174784000.0
2010-06-25,'002428,云南锗业,49.1,50.86,48.8,49.96,49.98,-0.88,-1.7607,8.5459,2187744,108613222.21,6166960000.0,1256960000.0
2010-06-24,'002428,云南锗业,49.98,51.18,48.65,48.95,48.89,1.09,2.2295,10.4516,2675611,134199899.77,6277488000.0,1279488000.0
2010-06-23,'002428,云南锗业,48.89,49.88,48.05,48.5,49.59,-0.7,-1.4116,8.5135,2179450,106419419.27,6140584000.0,1251584000.0
2010-06-22,'002428,云南锗业,49.59,51.19,48.88,48.99,49.98,-0.39,-0.7803,11.1557,2855860,142667293.83,6228504000.0,1269504000.0
2010-06-21,'002428,云南锗业,49.98,50.34,47.07,48.48,49.41,0.57,1.1536,14.4948,3710674,180852162.76,6277488000.0,1279488000.0
2010-06-18,'002428,云南锗业,49.41,54.4,49.41,54.0,54.9,-5.49,-10.0,27.6843,7087181,364014148.12,6205896000.0,1264896000.0
2010-06-17,'002428,云南锗业,54.9,58.75,53.89,58.6,57.53,-2.63,-4.5715,30.0943,7704144,434581069.07,6895440000.0,1405440000.0
2010-06-11,'002428,云南锗业,57.53,57.53,52.54,53.21,52.3,5.23,10.0,50.0306,12807834,722380573.37,7225768000.0,1472768000.0
2010-06-10,'002428,云南锗业,52.3,53.88,51.8,53.0,55.3,-3.0,-5.425,34.2382,8764983,462231530.44,6568880000.0,1338880000.0
2010-06-09,'002428,云南锗业,55.3,59.18,54.54,58.11,60.6,-5.3,-8.7459,59.1727,15148222,855064005.11,6945680000.0,1415680000.0
2010-06-08,'002428,N云锗,60.6,60.88,56.11,56.11,30.0,30.6,102.0,89.5016,22912399,1318753743.54,7611360000.0,1551360000.0
2010-05-26,'002428,云南锗业,0.0,0.0,0.0,0.0,30.0,None,None,0.0,0,0.0,2808000000.0,0.0
